(n = 1) add data point: (-0.7696850417759895, -1.3263701972723485):

Posterior mean: [-0.4208986   0.32395935 -0.24934667  0.1919184 ]

Posterior covariance:
[[ 0.68266884  0.24424505 -0.18799176  0.14469445]
 [ 0.24424505  0.81200824  0.14469445 -0.11136915]
 [-0.18799176  0.14469445  0.88863085  0.08571917]
 [ 0.14469445 -0.11136915  0.08571917  0.93402324]]

Predictive distribution ~ N(-0.9054716003814841, 1.6826688372850707)
--------------------------------------------------------------------------
(n = 2) add data point: (0.4067754336706517, 2.171994029642433):

Posterior mean: [ 0.41967609  1.18957525 -0.30031233  0.48142912]

Posterior covariance:
[[ 0.36462204  0.06450245 -0.22233839  0.10088374]
 [ 0.06450245  0.57908356  0.17294963 -0.19454937]
 [-0.22233839  0.17294963  0.86762322  0.10218942]
 [ 0.10088374 -0.19454937  0.10218942  0.90200321]]

Predictive distribution ~ N(0.8862783669661265, 1.495664101964367)
--------------------------------------------------------------------------
(n = 3) add data point: (-0.25947521973700427, 0.36737013539580254):

Posterior mean: [ 0.70932091  1.52469232 -0.36142039  0.61635706]

Posterior covariance:
[[ 0.21809253  0.0262571  -0.18714759  0.05870486]
 [ 0.0262571   0.47393606  0.1714873  -0.21976545]
 [-0.18714759  0.1714873   0.81835467  0.13539215]
 [ 0.05870486 -0.21976545  0.13539215  0.8723914 ]]

Predictive distribution ~ N(0.27859991716844074, 1.2047970884572372)
--------------------------------------------------------------------------
(n = 4) add data point: (-0.03639841312230918, 2.0653829050744292):

Posterior mean: [ 1.00712237  1.71297476 -0.57292167  0.73210949]

Posterior covariance:
[[ 0.13771179  0.01102848 -0.14474749  0.03239192]
 [ 0.01102848  0.40935935  0.16204512 -0.22952756]
 [-0.14474749  0.16204512  0.75271944  0.16677074]
 [ 0.03239192 -0.22952756  0.16677074  0.85155397]]

Predictive distribution ~ N(0.9439784693105897, 1.1370494995000586)
--------------------------------------------------------------------------
(n = 5) add data point: (0.06371995867961089, 0.2185307321844041):

Posterior mean: [ 1.0496074   1.79849282 -0.59229678  0.77793048]

Posterior covariance:
[[ 0.09237657  0.00191006 -0.11304753  0.01890968]
 [ 0.00191006  0.36355755  0.15201264 -0.23302933]
 [-0.11304753  0.15201264  0.69292946  0.18886387]
 [ 0.01890968 -0.23302933  0.18886387  0.83744274]]

Predictive distribution ~ N(1.162003693388411, 1.0932707492808635)
--------------------------------------------------------------------------
(n = 6) add data point: (-0.07333804399389554, 2.1357209692395585):

Posterior mean: [ 1.14861437  1.82855298 -0.71093382  0.84492173]

Posterior covariance:
[[ 6.54307219e-02 -3.19130996e-04 -8.92038072e-02  9.79753692e-03]
 [-3.19130996e-04  3.28902815e-01  1.37486250e-01 -2.32707820e-01]
 [-8.92038072e-02  1.37486250e-01  6.38297110e-01  2.07316029e-01]
 [ 9.79753692e-03 -2.32707820e-01  2.07316029e-01  8.25830724e-01]]

Predictive distribution ~ N(1.0103548564850613, 1.0661750232967235)
--------------------------------------------------------------------------
(n = 7) add data point: (-0.2836731857510595, -0.019960562638085877):

Posterior mean: [ 1.17702341  1.88731867 -0.74719919  0.852465  ]

Posterior covariance:
[[ 0.04891334  0.00176499 -0.07261592  0.00163982]
 [ 0.00176499  0.29677363  0.11923497 -0.22659014]
 [-0.07261592  0.11923497  0.59267932  0.22506128]
 [ 0.00163982 -0.22659014  0.22506128  0.81200996]]

Predictive distribution ~ N(0.5620547529411462, 1.0550877331536763)
--------------------------------------------------------------------------
(n = 8) add data point: (0.9863920386092366, 10.869700595301856):

Posterior mean: [1.13154458 2.3935343  1.56512613 3.09666383]

Posterior covariance:
[[ 0.0390081   0.00408364 -0.05580456  0.00313649]
 [ 0.00408364  0.26179112  0.05589782 -0.26777387]
 [-0.05580456  0.05589782  0.31112754  0.00164361]
 [ 0.00313649 -0.26777387  0.00164361  0.57385426]]

Predictive distribution ~ N(7.9872858359847285, 1.6256841414406127)
--------------------------------------------------------------------------
(n = 9) add data point: (0.3028242375623329, 1.9427021724112599):

Posterior mean: [1.11365517 2.43372139 2.05851105 3.6862084 ]

Posterior covariance:
[[ 0.03164855  0.00271325 -0.04616577  0.00428703]
 [ 0.00271325  0.23700291  0.04372108 -0.26025234]
 [-0.04616577  0.04372108  0.23615017 -0.04247108]
 [ 0.00428703 -0.26025234 -0.04247108  0.49945974]]

Predictive distribution ~ N(2.1417807136084215, 1.0470025175198447)
--------------------------------------------------------------------------
(n = 10) add data point: (-0.5363157047992875, 1.0073529367935805):

Posterior mean: [1.11762714 2.33580759 2.27083634 4.06149646]

Posterior covariance:
[[ 0.02646315  0.00265493 -0.03959044  0.00422127]
 [ 0.00265493  0.21381812  0.03927157 -0.24469975]
 [-0.03959044  0.03927157  0.19694489 -0.05909903]
 [ 0.00422127 -0.24469975 -0.05909903  0.45123151]]

Predictive distribution ~ N(-0.10847050228955513, 1.040709795907855)
--------------------------------------------------------------------------
(n = 11) add data point: (0.11538439067040418, 0.8276014158134268):

Posterior mean: [1.1069103  2.22464276 2.40085141 4.3371664 ]

Posterior covariance:
[[ 0.0222591   0.00191949 -0.03412613  0.00466126]
 [ 0.00191949  0.19481734  0.03760824 -0.22933607]
 [-0.03412613  0.03760824  0.17065111 -0.06703757]
 [ 0.00466126 -0.22933607 -0.06703757  0.41484637]]

Predictive distribution ~ N(1.4022258811344954, 1.0244641390849878)
--------------------------------------------------------------------------
(n = 12) add data point: (0.37968467967004194, 2.6580405343478):

Posterior mean: [1.10141284 2.13374209 2.48079257 4.54110283]

Posterior covariance:
[[ 0.01898176  0.00042872 -0.03009596  0.0059034 ]
 [ 0.00042872  0.17546903  0.0363249  -0.21149879]
 [-0.03009596  0.0363249   0.15175644 -0.07049829]
 [ 0.0059034  -0.21149879 -0.07049829  0.38137918]]

Predictive distribution ~ N(2.5177538180745587, 1.034941534034904)
--------------------------------------------------------------------------
(n = 13) add data point: (0.4047801285520667, 3.815860295649749):

Posterior mean: [1.11171662 2.1188142  2.53881224 4.63554388]

Posterior covariance:
[[ 0.01641673 -0.0011998  -0.02704657  0.00736964]
 [-0.0011998   0.15679774  0.03488825 -0.19294431]
 [-0.02704657  0.03488825  0.137259   -0.07135788]
 [ 0.00736964 -0.19294431 -0.07135788  0.35004539]]

Predictive distribution ~ N(2.692785643563848, 1.0311927151966844)
--------------------------------------------------------------------------
(n = 14) add data point: (0.21348398797266044, 0.8157963409039184):

Posterior mean: [1.1075771  2.07635667 2.59161592 4.73914945]

Posterior covariance:
[[ 0.01432456 -0.00254459 -0.02445229  0.00859221]
 [-0.00254459  0.14128438  0.0338872  -0.17684587]
 [-0.02445229  0.0338872   0.12551453 -0.07134179]
 [ 0.00859221 -0.17684587 -0.07134179  0.32314712]]

Predictive distribution ~ N(1.7150701014972216, 1.0177683313988992)
--------------------------------------------------------------------------
(n = 15) add data point: (-0.3797112994238414, 1.2217099874759525):

Posterior mean: [1.11251603 2.01044803 2.6205032  4.85796615]

Posterior covariance:
[[ 0.01262807 -0.00296696 -0.02222289  0.00882462]
 [-0.00296696  0.12738226  0.03227125 -0.16182341]
 [-0.02222289  0.03227125  0.11567292 -0.06985447]
 [ 0.00882462 -0.16182341 -0.06985447  0.29859253]]

Predictive distribution ~ N(0.46099289268705107, 1.0200136925404653)
--------------------------------------------------------------------------
(n = 16) add data point: (0.24512103192616874, 3.5697024869682674):

Posterior mean: [1.13277437 1.99781602 2.62970735 4.90926982]

Posterior covariance:
[[ 0.01121471 -0.00342823 -0.02033258  0.00912668]
 [-0.00342823  0.11547728  0.03097246 -0.14863711]
 [-0.02033258  0.03097246  0.10736984 -0.06826142]
 [ 0.00912668 -0.14863711 -0.06826142  0.27704289]]

Predictive distribution ~ N(1.852788661858144, 1.014463938705075)
--------------------------------------------------------------------------
(n = 17) add data point: (-0.14436604826351607, 1.8405145616523249):

Posterior mean: [1.1581894  1.96813074 2.61765056 4.97924703]

Posterior covariance:
[[ 0.00999472 -0.00350218 -0.01856161  0.00894798]
 [-0.00350218  0.10540264  0.02935402 -0.13712673]
 [-0.01856161  0.02935402  0.0998695  -0.06589551]
 [ 0.00894798 -0.13712673 -0.06589551  0.25794859]]

Predictive distribution ~ N(0.9136324258458608, 1.0121333282881957)
--------------------------------------------------------------------------
(n = 18) add data point: (0.6740061626857334, 4.019191754427436):

Posterior mean: [1.17671511 1.90003557 2.57877419 5.07756493]

Posterior covariance:
[[ 0.00901756 -0.00355742 -0.01713675  0.00876791]
 [-0.00355742  0.09576597  0.02703831 -0.12624732]
 [-0.01713675  0.02703831  0.0928454  -0.06279749]
 [ 0.00876791 -0.12624732 -0.06279749  0.24047173]]

Predictive distribution ~ N(5.18354918935203, 1.0262116283644152)
--------------------------------------------------------------------------
(n = 19) add data point: (-0.7612923923931401, 0.46098134721948525):

Posterior mean: [1.18933236 1.83607125 2.60446102 5.11127097]

Posterior covariance:
[[ 0.00821512 -0.00355085 -0.01584029  0.00846731]
 [-0.00355085  0.08780585  0.02528993 -0.11721986]
 [-0.01584029  0.02528993  0.085152   -0.0585284 ]
 [ 0.00846731 -0.11721986 -0.0585284   0.22408526]]

Predictive distribution ~ N(-0.9541886167089584, 1.0397728744728854)
--------------------------------------------------------------------------
(n = 20) add data point: (0.10130072062910034, 2.6439456143821083):

Posterior mean: [1.20851092 1.78837255 2.61099583 5.13714713]

Posterior covariance:
[[ 0.00749682 -0.00353569 -0.01464369  0.00817814]
 [-0.00353569  0.08110222  0.02381228 -0.10942428]
 [-0.01464369  0.02381228  0.0785153  -0.05485158]
 [ 0.00817814 -0.10942428 -0.05485158  0.20981274]]

Predictive distribution ~ N(1.42180818578433, 1.007362988254781)
--------------------------------------------------------------------------
(n = 21) add data point: (0.32550203892778384, 4.119356057215555):

Posterior mean: [1.23310877 1.78414164 2.61530796 5.11603739]

Posterior covariance:
[[ 0.00687524 -0.00357487 -0.01361491  0.00799231]
 [-0.00357487  0.07499955  0.02249941 -0.10215547]
 [-0.01361491  0.02249941  0.07284584 -0.05161992]
 [ 0.00799231 -0.10215547 -0.05161992  0.19669486]]

Predictive distribution ~ N(2.267385621220698, 1.01009334695336)
--------------------------------------------------------------------------
(n = 22) add data point: (0.07056037623767031, 2.64684982381683):

Posterior mean: [1.26119378 1.7809399  2.60524592 5.10063784]

Posterior covariance:
[[ 0.00631524 -0.00357283 -0.01265736  0.00777157]
 [-0.00357283  0.06979082  0.02133278 -0.0958367 ]
 [-0.01265736  0.02133278  0.06782753 -0.04873696]
 [ 0.00777157 -0.0958367  -0.04873696  0.18516147]]

Predictive distribution ~ N(1.4016203580679987, 1.0060497052550732)
--------------------------------------------------------------------------
(n = 23) add data point: (0.18661307613208122, 2.326799064723671):

Posterior mean: [1.28762534 1.78180529 2.59317206 5.08330386]

Posterior covariance:
[[ 0.00581864 -0.00357768 -0.01179906  0.0075833 ]
 [-0.00357768  0.06521199  0.02032549 -0.09019843]
 [-0.01179906  0.02032549  0.06342341 -0.04621333]
 [ 0.0075833  -0.09019843 -0.04621333  0.17483784]]

Predictive distribution ~ N(1.7434741173996713, 1.0061398849836385)
--------------------------------------------------------------------------
(n = 24) add data point: (0.8793627696047339, 9.330342383428258):

Posterior mean: [1.30873391 1.78819492 2.6048028  5.08078125]

Posterior covariance:
[[ 0.0053951  -0.00353946 -0.01102614  0.00739116]
 [-0.00353946  0.06117085  0.01923871 -0.0852933 ]
 [-0.01102614  0.01923871  0.05908329 -0.04416863]
 [ 0.00739116 -0.0852933  -0.04416863  0.16551142]]

Predictive distribution ~ N(8.350338891792978, 1.0290423989647448)
--------------------------------------------------------------------------
(n = 25) add data point: (-0.41206997387605715, 0.016122096800588792):

Posterior mean: [1.32404219 1.80393256 2.6177939  5.06527237]

Posterior covariance:
[[ 0.00501295 -0.00340553 -0.01032748  0.00709682]
 [-0.00340553  0.05729094  0.01817671 -0.08049822]
 [-0.01032748  0.01817671  0.05529192 -0.04215805]
 [ 0.00709682 -0.08049822 -0.04215805  0.15664884]]

Predictive distribution ~ N(0.6707835492922023, 1.009224599904505)
--------------------------------------------------------------------------
(n = 26) add data point: (-0.6586967244594444, -0.3463936988398095):

Posterior mean: [1.33702459 1.81867615 2.62651066 5.05229344]

Posterior covariance:
[[ 0.00468154 -0.00327088 -0.00972227  0.00682164]
 [-0.00327088  0.05380072  0.01735961 -0.07625174]
 [-0.00972227  0.01735961  0.05180662 -0.04027626]
 [ 0.00682164 -0.07625174 -0.04027626  0.14868777]]

Predictive distribution ~ N(-0.16526384739709488, 1.0132521649077941)
--------------------------------------------------------------------------
(n = 27) add data point: (-0.4077776019399679, 0.2947244812201563):

Posterior mean: [1.34677748 1.83773737 2.63583041 5.03294699]

Posterior covariance:
[[ 0.00437817 -0.00308537 -0.00916535  0.00648925]
 [-0.00308537  0.0504695   0.0165284  -0.07211741]
 [-0.00916535  0.0165284   0.04871781 -0.03844291]
 [ 0.00648925 -0.07211741 -0.03844291  0.14110147]]

Predictive distribution ~ N(0.6944164458189577, 1.0079916904716906)
--------------------------------------------------------------------------
(n = 28) add data point: (-0.001501918942072189, 1.2670622681236674):

Posterior mean: [1.35489914 1.85477319 2.64462066 5.01501687]

Posterior covariance:
[[ 0.00409523 -0.00290918 -0.00863338  0.00616277]
 [-0.00290918  0.04753218  0.01574876 -0.0684015 ]
 [-0.00863338  0.01574876  0.04590763 -0.03671026]
 [ 0.00616277 -0.0684015  -0.03671026  0.13422058]]

Predictive distribution ~ N(1.352119374500901, 1.0041040351716095)
--------------------------------------------------------------------------
(n = 29) add data point: (-0.4731791054334198, -0.0990637078157855):

Posterior mean: [1.36024366 1.87868441 2.65360048 4.98903152]

Posterior covariance:
[[ 0.00383968 -0.00271651 -0.00815544  0.00582792]
 [-0.00271651  0.04474075  0.01501607 -0.0648506 ]
 [-0.00815544  0.01501607  0.04340514 -0.03509733]
 [ 0.00582792 -0.0648506  -0.03509733  0.12775535]]

Predictive distribution ~ N(0.5368681922298271, 1.00713222770336)
--------------------------------------------------------------------------
(n = 30) add data point: (0.14858329052428987, 0.3183640864805195):

Posterior mean: [1.36062074 1.89463034 2.6683767  4.9710361 ]

Posterior covariance:
[[ 0.00360503 -0.00256126 -0.00771337  0.00554217]
 [-0.00256126  0.04225618  0.01436891 -0.06164818]
 [-0.00771337  0.01436891  0.0411418  -0.03363835]
 [ 0.00554217 -0.06164818 -0.03363835  0.12188047]]

Predictive distribution ~ N(1.71734723689063, 1.003523247215998)
--------------------------------------------------------------------------
(n = 31) add data point: (0.858922947852452, 6.477080917487903):

Posterior mean: [1.36210366 1.90097951 2.6608473  4.94686641]

Posterior covariance:
[[ 0.00339715 -0.00242067 -0.00730809  0.00528826]
 [-0.00242067  0.04001826  0.01371377 -0.05878044]
 [-0.00730809  0.01371377  0.03894204 -0.03235581]
 [ 0.00528826 -0.05878044 -0.03235581  0.11650811]]

Predictive distribution ~ N(8.092612057854005, 1.0158013908522259)
--------------------------------------------------------------------------
(n = 32) add data point: (-0.8268391955305074, -0.470129363603887):

Posterior mean: [1.36166155 1.91191504 2.67197139 4.90195615]

Posterior covariance:
[[ 0.00320609 -0.00227895 -0.00688308  0.00497789]
 [-0.00227895  0.03796663  0.01295112 -0.05595023]
 [-0.00688308  0.01295112  0.03636138 -0.0303601 ]
 [ 0.00497789 -0.05595023 -0.0303601   0.11054363]]

Predictive distribution ~ N(-1.1634314981385807, 1.0267324702720497)
--------------------------------------------------------------------------
(n = 33) add data point: (0.7671424399433064, 5.692705652989005):

Posterior mean: [1.36156885 1.91426157 2.67249471 4.86679883]

Posterior covariance:
[[ 0.00303529 -0.0021501  -0.0065019   0.00470024]
 [-0.0021501   0.03604348  0.01218283 -0.05333053]
 [-0.0065019   0.01218283  0.03400517 -0.02854662]
 [ 0.00470024 -0.05333053 -0.02854662  0.10513972]]

Predictive distribution ~ N(6.600072657038343, 1.0096368498467176)
--------------------------------------------------------------------------
(n = 34) add data point: (-0.03812981545295613, 0.7514139033368206):

Posterior mean: [1.35988809 1.9187827  2.67667248 4.83155115]

Posterior covariance:
[[ 0.0028731  -0.00202535 -0.00614184  0.00443335]
 [-0.00202535  0.03430013  0.01148189 -0.05092522]
 [-0.00614184  0.01148189  0.03189732 -0.02690125]
 [ 0.00443335 -0.05092522 -0.02690125  0.10020802]]

Predictive distribution ~ N(1.2903489874184784, 1.0030576545983123)
--------------------------------------------------------------------------
(n = 35) add data point: (0.068898178950064, 0.41244754851333076):

Posterior mean: [1.35557294 1.92293873 2.68593122 4.7987084 ]

Posterior covariance:
[[ 0.0027208  -0.00191518 -0.00580716  0.00419312]
 [-0.00191518  0.03272173  0.01086107 -0.04872913]
 [-0.00580716  0.01086107  0.03001342 -0.02543485]
 [ 0.00419312 -0.04872913 -0.02543485  0.09572494]]

Predictive distribution ~ N(1.5023793683031474, 1.002565350363869)
--------------------------------------------------------------------------
(n = 36) add data point: (0.1581574940380135, 1.8487798894497922):

Posterior mean: [1.35191736 1.92740622 2.69400159 4.7684305 ]

Posterior covariance:
[[ 0.00257913 -0.00182337 -0.00550012  0.00398557]
 [-0.00182337  0.03127515  0.01031607 -0.04670394]
 [-0.00550012  0.01031607  0.02833024 -0.02413477]
 [ 0.00398557 -0.04670394 -0.02413477  0.09161818]]

Predictive distribution ~ N(1.7430027727734152, 1.0025786152398966)
--------------------------------------------------------------------------
(n = 37) add data point: (-0.904046199447444, 0.19349361140891252):

Posterior mean: [1.34305883 1.95427977 2.74652335 4.66902586]

Posterior covariance:
[[ 0.00244249 -0.0017037  -0.00515094  0.0036819 ]
 [-0.0017037   0.02980628  0.00952906 -0.04437184]
 [-0.00515094  0.00952906  0.02623308 -0.02202155]
 [ 0.0036819  -0.04437184 -0.02202155  0.08635776]]

Predictive distribution ~ N(-1.6288017659505398, 1.033928516704495)
--------------------------------------------------------------------------
(n = 38) add data point: (-0.6372930727578561, 0.7100866243041306):

Posterior mean: [1.33578085 1.97411309 2.79379069 4.58406566]

Posterior covariance:
[[ 0.00231983 -0.00159693 -0.00484834  0.00342177]
 [-0.00159693  0.02844925  0.00887869 -0.04227789]
 [-0.00484834  0.00887869  0.02441364 -0.02024566]
 [ 0.00342177 -0.04227789 -0.02024566  0.08173119]]

Predictive distribution ~ N(0.025867420712060163, 1.0054154644580984)
--------------------------------------------------------------------------
(n = 39) add data point: (0.5441975616108146, 4.244089661523571):

Posterior mean: [1.32962331 1.99396691 2.83476224 4.50726765]

Posterior covariance:
[[ 0.00220889 -0.00150791 -0.00458333  0.00320281]
 [-0.00150791  0.02712875  0.00827862 -0.04027631]
 [-0.00458333  0.00827862  0.0228259  -0.01868826]
 [ 0.00320281 -0.04027631 -0.01868826  0.07748173]]

Predictive distribution ~ N(3.9806650636662937, 1.0047535918654584)
--------------------------------------------------------------------------
(n = 40) add data point: (0.9388973235555931, 8.719236446599531):

Posterior mean: [1.32463451 2.0130128  2.86471466 4.43125001]

Posterior covariance:
[[ 0.00210794 -0.00142981 -0.00434307  0.00301805]
 [-0.00142981  0.02592467  0.0077698  -0.03844005]
 [-0.00434307  0.0077698   0.02138401 -0.01744109]
 [ 0.00301805 -0.03844005 -0.01744109  0.07352919]]

Predictive distribution ~ N(9.407561668149139, 1.0142703924200283)
--------------------------------------------------------------------------
(n = 41) add data point: (-0.26711874083777687, 0.4765394305915367):

Posterior mean: [1.3193676  2.0329831  2.89255649 4.35975564]

Posterior covariance:
[[ 0.00201186 -0.00134607 -0.00411905  0.00283376]
 [-0.00134607  0.02477938  0.00729224 -0.03670095]
 [-0.00411905  0.00729224  0.02009851 -0.01630869]
 [ 0.00283376 -0.03670095 -0.01630869  0.06987755]]

Predictive distribution ~ N(0.8996155602342637, 1.003323613026805)
--------------------------------------------------------------------------
(n = 42) add data point: (0.3229034662678709, 1.504780129779638):

Posterior mean: [1.31358205 2.04555401 2.91718121 4.30345145]

Posterior covariance:
[[ 0.00192285 -0.00127849 -0.00391746  0.00268007]
 [-0.00127849  0.02369769  0.00687138 -0.03506932]
 [-0.00391746  0.00687138  0.01896106 -0.015316  ]
 [ 0.00268007 -0.03506932 -0.015316    0.06652144]]

Predictive distribution ~ N(2.423152104925825, 1.0028057967293789)
--------------------------------------------------------------------------
(n = 43) add data point: (-0.0464519757782651, 1.3594479969170414):

Posterior mean: [1.30863255 2.05657796 2.93843767 4.25370276]

Posterior covariance:
[[ 0.00183788 -0.00121326 -0.00372765  0.00253484]
 [-0.00121326  0.02270267  0.00648777 -0.0335705 ]
 [-0.00372765  0.00648777  0.01793128 -0.01442128]
 [ 0.00253484 -0.0335705  -0.01442128  0.06346616]]

Predictive distribution ~ N(1.2190145949471978, 1.001981465082458)
--------------------------------------------------------------------------
(n = 44) add data point: (0.8810693088668002, 7.231031272222255):

Posterior mean: [1.30456217 2.06571785 2.95127221 4.20374003]

Posterior covariance:
[[ 0.00176002 -0.00115411 -0.00355361  0.00240645]
 [-0.00115411  0.02178826  0.00614021 -0.03220095]
 [-0.00355361  0.00614021  0.01697595 -0.0136533 ]
 [ 0.00240645 -0.03220095 -0.0136533   0.06066247]]

Predictive distribution ~ N(8.29081242155764, 1.0081140839595681)
--------------------------------------------------------------------------
(n = 45) add data point: (0.4645608012481799, 2.521946983790988):

Posterior mean: [1.3003219  2.06871839 2.96172657 4.16586751]

Posterior covariance:
[[ 0.00168808 -0.00110507 -0.0033964   0.00229661]
 [-0.00110507  0.02089969  0.00581819 -0.03087915]
 [-0.0033964   0.00581819  0.01611603 -0.01294981]
 [ 0.00229661 -0.03087915 -0.01294981  0.05802031]]

Predictive distribution ~ N(3.318227398936169, 1.0032299604960213)
--------------------------------------------------------------------------
(n = 46) add data point: (0.6608516333065937, 3.7483549911834046):

Posterior mean: [1.29625286 2.06302852 2.9663322  4.14102846]

Posterior covariance:
[[ 0.00162181 -0.00106098 -0.00325322  0.00219751]
 [-0.00106098  0.02004504  0.00550712 -0.02962223]
 [-0.00325322  0.00550712  0.01532742 -0.01229181]
 [ 0.00219751 -0.02962223 -0.01229181  0.05555744]]

Predictive distribution ~ N(5.150223381051549, 1.0037323062256438)
--------------------------------------------------------------------------
(n = 47) add data point: (0.9149738684078805, 8.600948250655325):

Posterior mean: [1.29259015 2.05817339 2.9696974  4.11688504]

Posterior covariance:
[[ 0.00156043 -0.0010207  -0.00311998  0.00210947]
 [-0.0010207   0.01925819  0.00523181 -0.02845937]
 [-0.00311998  0.00523181  0.01458928 -0.01173236]
 [ 0.00210947 -0.02845937 -0.01173236  0.05324839]]

Predictive distribution ~ N(8.815442270932103, 1.0083668019496344)
--------------------------------------------------------------------------
(n = 48) add data point: (-0.9268615821380293, -1.188117046949615):

Posterior mean: [1.28896334 2.0548744  2.97490248 4.09208681]

Posterior covariance:
[[ 0.00150045 -0.00096971 -0.00297434  0.00198849]
 [-0.00096971  0.01847012  0.00488019 -0.02720682]
 [-0.00297434  0.00488019  0.01374773 -0.01092328]
 [ 0.00198849 -0.02720682 -0.01092328  0.0506104 ]]

Predictive distribution ~ N(-1.3182522997516806, 1.020135600567999)
--------------------------------------------------------------------------
(n = 49) add data point: (-0.20738458425018802, 1.351276823864497):

Posterior mean: [1.28626246 2.04995025 2.978216   4.07302237]

Posterior covariance:
[[ 0.00144286 -0.00091788 -0.00283799  0.00187184]
 [-0.00091788  0.01773022  0.00455901 -0.02604121]
 [-0.00283799  0.00455901  0.01299107 -0.01019642]
 [ 0.00187184 -0.02604121 -0.01019642  0.04819781]]

Predictive distribution ~ N(0.9528941879363346, 1.002166630615269)
--------------------------------------------------------------------------
(n = 50) add data point: (0.06143691420667774, 0.5983627988254399):

Posterior mean: [1.28271514 2.04505978 2.98309323 4.0562144 ]

Posterior covariance:
[[ 0.0013879  -0.00087174 -0.00271116  0.00176799]
 [-0.00087174  0.01705014  0.00427643 -0.02497771]
 [-0.00271116  0.00427643  0.0123097  -0.00955682]
 [ 0.00176799 -0.02497771 -0.00955682  0.04601802]]

Predictive distribution ~ N(1.4205575793162766, 1.001326931505846)
--------------------------------------------------------------------------
(n = 51) add data point: (-0.387494751826156, 0.22131703628787636):

Posterior mean: [1.27890146 2.04285255 2.98835937 4.03808675]

Posterior covariance:
[[ 0.00133572 -0.00082415 -0.00259353  0.00166696]
 [-0.00082415  0.01639565  0.00401597 -0.02396604]
 [-0.00259353  0.00401597  0.01169422 -0.00897722]
 [ 0.00166696 -0.02396604 -0.00897722  0.04398767]]

Predictive distribution ~ N(0.7010667630943661, 1.0024848752715891)
--------------------------------------------------------------------------
(n = 52) add data point: (0.49333705062046174, 4.144077285250843):

Posterior mean: [1.27570346 2.04401213 2.99381355 4.01753981]

Posterior covariance:
[[ 0.00128717 -0.00078383 -0.00248663  0.00157977]
 [-0.00078383  0.01576463  0.00377831 -0.02300178]
 [-0.00248663  0.00377831  0.01113734 -0.00845392]
 [ 0.00157977 -0.02300178 -0.00845392  0.04209041]]

Predictive distribution ~ N(3.4951113669594265, 1.002474303222857)
--------------------------------------------------------------------------
(n = 53) add data point: (-0.23556366571554288, 0.9412577767381625):

Posterior mean: [1.272804   2.04486126 2.99865605 3.99916649]

Posterior covariance:
[[ 0.00124048 -0.00074247 -0.00238531  0.00149394]
 [-0.00074247  0.01516711  0.00355614 -0.02209298]
 [-0.00238531  0.00355614  0.0106257  -0.00797149]
 [ 0.00149394 -0.02209298 -0.00797149  0.0403227 ]]

Predictive distribution ~ N(0.9052300850782685, 1.0019502726960916)
--------------------------------------------------------------------------
(n = 54) add data point: (-0.29413454764448965, 0.358827411948181):

Posterior mean: [1.26958371 2.04751046 3.00407945 3.97968356]

Posterior covariance:
[[ 0.00119575 -0.0007002  -0.00228961  0.00140952]
 [-0.0007002   0.01459707  0.00334777 -0.02123049]
 [-0.00228961  0.00334777  0.01015494 -0.00752528]
 [ 0.00140952 -0.02123049 -0.00752528  0.03866558]]

Predictive distribution ~ N(0.8259671126575814, 1.0020485998619877)
--------------------------------------------------------------------------
(n = 55) add data point: (-0.3803583360807188, -0.09798182258841015):

Posterior mean: [1.26579608 2.05342313 3.0103007  3.9570977 ]

Posterior covariance:
[[ 0.00115316 -0.00065759 -0.00219991  0.00132732]
 [-0.00065759  0.01404978  0.00315345 -0.02040811]
 [-0.00219991  0.00315345  0.0097222  -0.00711398]
 [ 0.00132732 -0.02040811 -0.00711398  0.03710648]]

Predictive distribution ~ N(0.7025183827154229, 1.002131177634652)
--------------------------------------------------------------------------
(n = 56) add data point: (0.6158264008813237, 4.790397180621214):

Posterior mean: [1.2623343  2.05965041 3.01630852 3.93541356]

Posterior covariance:
[[ 0.00111351 -0.00062014 -0.00211754  0.00125432]
 [-0.00062014  0.01352484  0.00297131 -0.01962711]
 [-0.00211754  0.00297131  0.0093226  -0.00673412]
 [ 0.00125432 -0.01962711 -0.00673412  0.03564531]]

Predictive distribution ~ N(4.593738079914891, 1.0022930047757814)
--------------------------------------------------------------------------
(n = 57) add data point: (0.3776881617461876, 3.043283772856378):

Posterior mean: [1.25935086 2.06672404 3.02179997 3.91363652]

Posterior covariance:
[[ 0.00107614 -0.00058859 -0.00204127  0.00119136]
 [-0.00058859  0.01302474  0.00280725 -0.01888644]
 [-0.00204127  0.00280725  0.00895514 -0.0063905 ]
 [ 0.00119136 -0.01888644 -0.0063905   0.034272  ]]

Predictive distribution ~ N(2.6818362314988873, 1.0017528373854714)
--------------------------------------------------------------------------
(n = 58) add data point: (-0.10887318822112779, 0.6846607947694898):

Posterior mean: [1.2561755  2.0739769  3.02764999 3.89236837]

Posterior covariance:
[[ 0.00104006 -0.00055786 -0.00196812  0.0011308 ]
 [-0.00055786  0.01255744  0.00265478 -0.01819508]
 [-0.00196812  0.00265478  0.00861141 -0.00607188]
 [ 0.0011308  -0.01819508 -0.00607188  0.03299327]]

Predictive distribution ~ N(1.0612397201375607, 1.0012502916454409)
--------------------------------------------------------------------------
(n = 59) add data point: (-0.9762040082124477, -3.68601245111974):

Posterior mean: [1.25600633 2.06695214 3.01375435 3.90914263]

Posterior covariance:
[[ 0.00100472 -0.00052183 -0.00188884  0.00105423]
 [-0.00052183  0.01208328  0.00246063 -0.0174478 ]
 [-0.00188884  0.00246063  0.00821513 -0.00563339]
 [ 0.00105423 -0.0174478  -0.00563339  0.0315275 ]]

Predictive distribution ~ N(-1.526395123819179, 1.016442851590044)
--------------------------------------------------------------------------
(n = 60) add data point: (-0.08811480819206263, -0.35738040310231944):

Posterior mean: [1.25431965 2.06294974 3.0040927  3.92040365]

Posterior covariance:
[[ 0.00097081 -0.00048822 -0.00181427  0.00098384]
 [-0.00048822  0.01164379  0.00228607 -0.01676059]
 [-0.00181427  0.00228607  0.00785196 -0.00524145]
 [ 0.00098384 -0.01676059 -0.00524145  0.03018924]]

Predictive distribution ~ N(1.0931855442610054, 1.001113133785381)
--------------------------------------------------------------------------
(n = 61) add data point: (0.3219269275585672, 1.4309905003495946):

Posterior mean: [1.25208774 2.05685892 2.99580843 3.93382006]

Posterior covariance:
[[ 0.00093881 -0.00045997 -0.0017455   0.00092354]
 [-0.00045997  0.01122908  0.00213226 -0.01611856]
 [-0.0017455   0.00213226  0.00752098 -0.0048952 ]
 [ 0.00092354 -0.01611856 -0.0048952   0.0289526 ]]

Predictive distribution ~ N(2.3559685529708707, 1.0013814170824036)
--------------------------------------------------------------------------
(n = 62) add data point: (-0.8741064694590575, 0.2841206901464126):

Posterior mean: [1.24926658 2.05372918 2.99438992 3.93686521]

Posterior covariance:
[[ 0.00090858 -0.00043341 -0.00167913  0.0008651 ]
 [-0.00043341  0.01084057  0.00198482 -0.01551191]
 [-0.00167913  0.00198482  0.00719173 -0.0045471 ]
 [ 0.0008651  -0.01551191 -0.0045471   0.02776086]]

Predictive distribution ~ N(-0.8873321037818358, 1.0066870486020636)
--------------------------------------------------------------------------
(n = 63) add data point: (0.8739048725637, 6.72647983282975):

Posterior mean: [1.24680541 2.05064355 2.99019095 3.93672378]

Posterior covariance:
[[ 0.00088029 -0.00040952 -0.00161763  0.00081331]
 [-0.00040952  0.01047978  0.0018533  -0.01495355]
 [-0.00161763  0.0018533   0.00688603 -0.00424417]
 [ 0.00081331 -0.01495355 -0.00424417  0.02666582]]

Predictive distribution ~ N(7.949918155928287, 1.0033809285417836)
--------------------------------------------------------------------------
(n = 64) add data point: (-0.014527324488898818, 0.9066340277810019):

Posterior mean: [1.24420658 2.04800196 2.98686153 3.93614245]

Posterior covariance:
[[ 0.00085304 -0.0003875  -0.00155946  0.000766  ]
 [-0.0003875   0.01014339  0.00173496 -0.01443658]
 [-0.00155946  0.00173496  0.00660406 -0.00397259]
 [ 0.000766   -0.01443658 -0.00397259  0.02565905]]

Predictive distribution ~ N(1.2150728760250307, 1.0008657642408914)
--------------------------------------------------------------------------
(n = 65) add data point: (-0.106921657132804, 0.37567707442787424):

Posterior mean: [1.2411721  2.04652123 2.98490676 3.93404049]

Posterior covariance:
[[ 0.00082676 -0.00036638 -0.00150424  0.00072156]
 [-0.00036638  0.00982722  0.00162655 -0.0139538 ]
 [-0.00150424  0.00162655  0.00634275 -0.00372593]
 [ 0.00072156 -0.0139538  -0.00372593  0.02472606]]

Predictive distribution ~ N(1.051670039043119, 1.0009746452619634)
--------------------------------------------------------------------------
(n = 66) add data point: (-0.7350190749829884, 0.39783710677459205):

Posterior mean: [1.23830532 2.04445546 2.98441172 3.93154432]

Posterior covariance:
[[ 0.0008021  -0.00034721 -0.00145302  0.00068141]
 [-0.00034721  0.00952984  0.00153136 -0.01350535]
 [-0.00145302  0.00153136  0.00609772 -0.00350254]
 [ 0.00068141 -0.01350535 -0.00350254  0.02386229]]

Predictive distribution ~ N(-0.21327259764143247, 1.0022952853380531)
--------------------------------------------------------------------------
(n = 67) add data point: (-0.798787098988289, -1.198656508260553):

Posterior mean: [1.23572571 2.04259782 2.9819481  3.93115689]

Posterior covariance:
[[ 0.00077888 -0.00032976 -0.00140485  0.00064451]
 [-0.00032976  0.00925067  0.00144564 -0.01308692]
 [-0.00140485  0.00144564  0.00586352 -0.00329321]
 [ 0.00064451 -0.01308692 -0.00329321  0.02305302]]

Predictive distribution ~ N(-0.4968222371089759, 1.0031464250595234)
--------------------------------------------------------------------------
(n = 68) add data point: (0.3124921344650129, 2.2189600361244186):

Posterior mean: [1.23324189 2.04074107 2.97973497 3.93088779]

Posterior covariance:
[[ 0.0007567  -0.00031502 -0.00135972  0.00061259]
 [-0.00031502  0.00898297  0.001369   -0.01268857]
 [-0.00135972  0.001369    0.0056473  -0.00310586]
 [ 0.00061259 -0.01268857 -0.00310586  0.02229182]]

Predictive distribution ~ N(2.2818846385351264, 1.0011065091532139)
--------------------------------------------------------------------------
(n = 69) add data point: (-0.41557577770381027, -0.6216343700463656):

Posterior mean: [1.23015287 2.0425172  2.97858384 3.926035  ]

Posterior covariance:
[[ 0.00073543 -0.00029981 -0.00131715  0.00058131]
 [-0.00029981  0.00872287  0.00129728 -0.01230474]
 [-0.00131715  0.00129728  0.00544668 -0.00293366]
 [ 0.00058131 -0.01230474 -0.00293366  0.02156909]]

Predictive distribution ~ N(0.6139666912090372, 1.0013787510847756)
--------------------------------------------------------------------------
(n = 70) add data point: (0.37677430193060624, 1.7937775322908958):

Posterior mean: [1.2268441  2.04217719 2.97771804 3.92408036]

Posterior covariance:
[[ 0.00071514 -0.00028695 -0.00127719  0.00055418]
 [-0.00028695  0.00847183  0.00123237 -0.01193659]
 [-0.00127719  0.00123237  0.00526039 -0.0027779 ]
 [ 0.00055418 -0.01193659 -0.0027779   0.02088377]]

Predictive distribution ~ N(2.628882631035799, 1.0011725243773262)
--------------------------------------------------------------------------
(n = 71) add data point: (0.9326216239615541, 8.397819572298015):

Posterior mean: [1.22380898 2.04237776 2.97587863 3.92023281]

Posterior covariance:
[[ 0.00069591 -0.00027529 -0.00123925  0.00053007]
 [-0.00027529  0.0082342   0.00117506 -0.01158688]
 [-0.00123925  0.00117506  0.00508236 -0.00264412]
 [ 0.00053007 -0.01158688 -0.00264412  0.02022783]]

Predictive distribution ~ N(8.896952212413044, 1.003847428647742)
--------------------------------------------------------------------------
(n = 72) add data point: (0.3936241664884672, 3.3610759080511357):

Posterior mean: [1.22118924 2.04410112 2.97410453 3.91458377]

Posterior covariance:
[[ 0.00067753 -0.00026548 -0.00120352  0.00050915]
 [-0.00026548  0.00800415  0.0011228  -0.01125031]
 [-0.00120352  0.0011228   0.00491628 -0.00252209]
 [ 0.00050915 -0.01125031 -0.00252209  0.01960355]]

Predictive distribution ~ N(2.725347663302731, 1.0011379225791568)
--------------------------------------------------------------------------
(n = 73) add data point: (0.1604013714690362, 1.726429290361858):

Posterior mean: [1.21874987 2.04585057 2.97239382 3.90908822]

Posterior covariance:
[[ 0.00065976 -0.00025693 -0.00116933  0.00049053]
 [-0.00025693  0.00778586  0.00107554 -0.01093202]
 [-0.00116933  0.00107554  0.00476019 -0.00241112]
 [ 0.00049053 -0.01093202 -0.00241112  0.01901621]]

Predictive distribution ~ N(1.639515067763298, 1.000718897460966)
--------------------------------------------------------------------------
(n = 74) add data point: (0.18245092461646717, 1.8892136649529168):

Posterior mean: [1.2165295  2.04773757 2.97066569 3.90358558]

Posterior covariance:
[[ 0.00064258 -0.00024955 -0.00113662  0.00047402]
 [-0.00024955  0.00757812  0.00103277 -0.01063008]
 [-0.00113662  0.00103277  0.00461326 -0.00231002]
 [ 0.00047402 -0.01063008 -0.00231002  0.01846192]]

Predictive distribution ~ N(1.7127380212736933, 1.000727714653134)
--------------------------------------------------------------------------
(n = 75) add data point: (0.9793792089652233, 11.09243647366866):

Posterior mean: [1.21409101 2.04715407 2.97186732 3.90516527]

Posterior covariance:
[[ 0.00062623 -0.00024303 -0.00110523  0.00045984]
 [-0.00024303  0.00737817  0.00099681 -0.01033577]
 [-0.00110523  0.00099681  0.00447099 -0.00222704]
 [ 0.00045984 -0.01033577 -0.00222704  0.01791438]]

Predictive distribution ~ N(9.738127517002331, 1.0047343921528997)
--------------------------------------------------------------------------
(n = 76) add data point: (-0.3402385560549701, -1.9766566053473893):

Posterior mean: [1.21029619 2.05245189 2.9752281  3.89875841]

Posterior covariance:
[[ 0.00061039 -0.00023568 -0.0010751   0.00044491]
 [-0.00023568  0.0071839   0.00096151 -0.01005126]
 [-0.0010751   0.00096151  0.00433666 -0.00214739]
 [ 0.00044491 -0.01005126 -0.00214739  0.01739042]]

Predictive distribution ~ N(0.7028325185777234, 1.0010779690092244)
--------------------------------------------------------------------------
(n = 77) add data point: (0.9441962644386397, 9.172839219877158):

Posterior mean: [1.20666608 2.05739918 2.97860522 3.89299293]

Posterior covariance:
[[ 0.0005953  -0.00022896 -0.00104625  0.0004316 ]
 [-0.00022896  0.00699866  0.00093046 -0.00977858]
 [-0.00104625  0.00093046  0.00420686 -0.00207969]
 [ 0.0004316  -0.00977858 -0.00207969  0.01688401]]

Predictive distribution ~ N(9.0816556610883, 1.003471593359902)
--------------------------------------------------------------------------
(n = 78) add data point: (0.39829188777694946, 1.2116176521275972):

Posterior mean: [1.20265952 2.05899576 2.98204762 3.89157089]

Posterior covariance:
[[ 0.00058081 -0.00022335 -0.00101888  0.00042003]
 [-0.00022335  0.00681869  0.00090161 -0.00951516]
 [-0.00101888  0.00090161  0.00408465 -0.00201648]
 [ 0.00042003 -0.00951516 -0.00201648  0.01639976]]

Predictive distribution ~ N(2.7416856786452737, 1.0009772665850154)
--------------------------------------------------------------------------
(n = 79) add data point: (0.9972693421505421, 11.823942493334933):

Posterior mean: [1.19843474 2.05722546 2.98862015 3.89892328]

Posterior covariance:
[[ 0.00056697 -0.00021846 -0.00099249  0.00041024]
 [-0.00021846  0.00664421  0.00087809 -0.00925621]
 [-0.00099249  0.00087809  0.00396585 -0.00196645]
 [ 0.00041024 -0.00925621 -0.00196645  0.01591768]]

Predictive distribution ~ N(10.089433799828635, 1.0047115074587492)
--------------------------------------------------------------------------
(n = 80) add data point: (0.7544745750760988, 6.701111842249389):

Posterior mean: [1.19441461 2.05634954 2.99544772 3.90524829]

Posterior covariance:
[[ 0.00055377 -0.0002138  -0.00096747  0.00040091]
