(n = 1) add data point: (-0.08937496417413326, 2.5785521073576954):

Posterior mean: [ 0.64334303 -0.05749876  0.00513895]

Posterior covariance:
[[ 7.50502220e-01  2.22988552e-02 -1.99295938e-03]
 [ 2.22988552e-02  9.98007041e-01  1.78120673e-04]
 [-1.99295938e-03  1.78120673e-04  9.99984080e-01]]

Predictive distribution ~ N(0.6485230260515513, 3.754519977549853)
--------------------------------------------------------------------------
(n = 2) add data point: (0.8330052323393815, 5.403133783940028):

Posterior mean: [1.60689487 0.70545397 0.64422995]

Posterior covariance:
[[ 0.51942923 -0.07712905 -0.0931339 ]
 [-0.07712905  0.84146975 -0.12363014]
 [-0.0931339  -0.12363014  0.90113109]]

Predictive distribution ~ N(2.6415714165247675, 4.136542325800121)
--------------------------------------------------------------------------
(n = 3) add data point: (-0.4993059744239894, 0.29893828634996683):

Posterior mean: [1.81780899 1.21590396 0.83560505]

Posterior covariance:
[[ 0.36304167 -0.0391114  -0.13980805]
 [-0.0391114   0.68637174 -0.1593899 ]
 [-0.13980805 -0.1593899   0.84373371]]

Predictive distribution ~ N(1.4190226162745592, 3.595628539589677)
--------------------------------------------------------------------------
(n = 4) add data point: (-0.5306214514758449, 0.3537561864042335):

Posterior mean: [1.84212394 1.66466476 0.86680897]

Posterior covariance:
[[ 0.26809963  0.0105788  -0.16993904]
 [ 0.0105788   0.54471988 -0.16277701]
 [-0.16993904 -0.16277701  0.79786429]]

Predictive distribution ~ N(1.2028750881846213, 3.426437352607783)
--------------------------------------------------------------------------
(n = 5) add data point: (0.7414100801318337, 5.431490962498955):

Posterior mean: [1.94437087 2.09715744 0.92038187]

Posterior covariance:
[[ 0.21404093  0.02000523 -0.18692093]
 [ 0.02000523  0.43497136 -0.17629069]
 [-0.18692093 -0.17629069  0.75974199]]

Predictive distribution ~ N(4.005148247263416, 3.3631765921953973)
--------------------------------------------------------------------------
(n = 6) add data point: (-0.42858848620098855, 0.5779558211054375):

Posterior mean: [1.97835396 2.4013588  0.91496532]

Posterior covariance:
[[ 0.17713851  0.0337279  -0.19393934]
 [ 0.0337279   0.35745901 -0.18073345]
 [-0.19393934 -0.18073345  0.73049846]]

Predictive distribution ~ N(1.1172274636511004, 3.195745032348781)
--------------------------------------------------------------------------
(n = 7) add data point: (-0.9340872491939951, 2.1232186892842972):

Posterior mean: [1.98335659 2.42208879 1.16195781]

Posterior covariance:
[[ 0.15387752  0.03513878 -0.18740065]
 [ 0.03513878  0.26382773 -0.12007854]
 [-0.18740065 -0.12007854  0.61510156]]

Predictive distribution ~ N(0.7347445903331269, 3.655406027818896)
--------------------------------------------------------------------------
(n = 8) add data point: (0.3100706149247472, 0.5041597724724125):

Posterior mean: [1.87633066 2.38430875 1.45190293]

Posterior covariance:
[[ 0.13149523  0.0293831  -0.1704465 ]
 [ 0.0293831   0.2083534  -0.08539743]
 [-0.1704465  -0.08539743  0.53257071]]

Predictive distribution ~ N(2.755226186234182, 3.1368053013773918)
--------------------------------------------------------------------------
(n = 9) add data point: (0.8252072439893798, 6.128435743431497):

Posterior mean: [1.80106332 2.41284202 1.72249751]

Posterior covariance:
[[ 0.1149225   0.02374261 -0.15668604]
 [ 0.02374261  0.1678535  -0.06916709]
 [-0.15668604 -0.06916709  0.4683408 ]]

Predictive distribution ~ N(4.965121983560194, 3.1944560863146805)
--------------------------------------------------------------------------
(n = 10) add data point: (0.4137289072696666, 3.1913317625815427):

Posterior mean: [1.73755514 2.43439381 1.93357611]

Posterior covariance:
[[ 0.10000027  0.01804518 -0.14169989]
 [ 0.01804518  0.13903808 -0.05602355]
 [-0.14169989 -0.05602355  0.41598755]]

Predictive distribution ~ N(3.075707561373676, 3.094474568012052)
--------------------------------------------------------------------------
(n = 11) add data point: (0.73641482757193, 5.371500582868529):

Posterior mean: [1.68972883 2.46871209 2.11418174]

Posterior covariance:
[[ 0.08848513  0.01363462 -0.12963967]
 [ 0.01363462  0.11682425 -0.0478415 ]
 [-0.12963967 -0.0478415   0.37407085]]

Predictive distribution ~ N(4.65426015002293, 3.103113013259513)
--------------------------------------------------------------------------
(n = 12) add data point: (-0.4043219225092445, -0.3946799319889267):

Posterior mean: [1.62067715 2.50918914 2.28417635]

Posterior covariance:
[[ 0.07854377  0.01145932 -0.11851206]
 [ 0.01145932  0.10037007 -0.04225444]
 [-0.11851206 -0.04225444  0.33931673]]

Predictive distribution ~ N(0.9795654819188107, 3.061591426406572)
--------------------------------------------------------------------------
(n = 13) add data point: (0.04884071400680057, -1.9659409702832784):

Posterior mean: [1.477933   2.52210109 2.55785786]

Posterior covariance:
[[ 0.06908106  0.00958244 -0.10654227]
 [ 0.00958244  0.08793223 -0.03735227]
 [-0.10654227 -0.03735227  0.30656191]]

Predictive distribution ~ N(1.6072157664493565, 3.0697115873341785)
--------------------------------------------------------------------------
(n = 14) add data point: (-0.36550426377028145, 0.5478316618473065):

Posterior mean: [1.35989295 2.53493169 2.78699308]

Posterior covariance:
[[ 0.06102439  0.00860174 -0.09610264]
 [ 0.00860174  0.07804754 -0.03387641]
 [-0.09610264 -0.03387641  0.27886548]]

Predictive distribution ~ N(0.8056883989249076, 3.047770988523061)
--------------------------------------------------------------------------
(n = 15) add data point: (-0.6364591911813562, -1.8948931249702867):

Posterior mean: [1.25246315 2.58883503 2.94462589]

Posterior covariance:
[[ 0.05462526  0.00804314 -0.08774177]
 [ 0.00804314  0.0693669  -0.03042402]
 [-0.08774177 -0.03042402  0.25537214]]

Predictive distribution ~ N(0.797585246439789, 3.058992923003803)
--------------------------------------------------------------------------
(n = 16) add data point: (0.7526076807370055, 5.540483504922539):

Posterior mean: [1.16771571 2.63904885 3.08468963]

Posterior covariance:
[[ 0.04944629  0.00740275 -0.08083225]
 [ 0.00740275  0.06193464 -0.02802019]
 [-0.08083225 -0.02802019  0.23520888]]

Predictive distribution ~ N(4.901108861123698, 3.0556726950246884)
--------------------------------------------------------------------------
(n = 17) add data point: (-0.10588637291586478, 1.2948806506230173):

Posterior mean: [1.10376159 2.67885677 3.19409547]

Posterior covariance:
[[ 0.04456541  0.00685198 -0.0739307 ]
 [ 0.00685198  0.05594569 -0.02595359]
 [-0.0739307  -0.02595359  0.21639839]]

Predictive distribution ~ N(0.8559191210305958, 3.042172624157325)
--------------------------------------------------------------------------
(n = 18) add data point: (0.9871667383533282, 6.019844646792559):

Posterior mean: [1.05691932 2.70143578 3.25603957]

Posterior covariance:
[[ 0.04045627  0.00658534 -0.06748788]
 [ 0.00658534  0.05066222 -0.02526692]
 [-0.06748788 -0.02526692  0.19696192]]

Predictive distribution ~ N(6.896691473054483, 3.109725623012957)
--------------------------------------------------------------------------
(n = 19) add data point: (0.23239528316106073, 2.641639838698241):

Posterior mean: [1.02776778 2.72378906 3.29125447]

Posterior covariance:
[[ 0.03663877  0.00612846 -0.06141768]
 [ 0.00612846  0.04623605 -0.02411801]
 [-0.06141768 -0.02411801  0.17970436]]

Predictive distribution ~ N(1.8385161564727703, 3.035269030736023)
--------------------------------------------------------------------------
(n = 20) add data point: (-0.6261919528585149, -2.4554508518903324):

Posterior mean: [0.99600836 2.77249797 3.29669965]

Posterior covariance:
[[ 0.03346164  0.00580715 -0.05641449]
 [ 0.00580715  0.04224117 -0.0227697 ]
 [-0.05641449 -0.0227697   0.16509358]]

Predictive distribution ~ N(0.5525823221883506, 3.035075970518338)
--------------------------------------------------------------------------
(n = 21) add data point: (0.34802296382896314, 2.637423913644438):

Posterior mean: [0.97244758 2.81494391 3.2962655 ]

Posterior covariance:
[[ 0.0305644   0.00536505 -0.05180971]
 [ 0.00536505  0.03879778 -0.0213083 ]
 [-0.05180971 -0.0213083   0.15213385]]

Predictive distribution ~ N(2.3513563223160503, 3.0268829370664196)
--------------------------------------------------------------------------
(n = 22) add data point: (0.3374266287542429, 3.9930202260240577):

Posterior mean: [0.96664367 2.85951123 3.27314302]

Posterior covariance:
[[ 0.02793448  0.00486782 -0.04759249]
 [ 0.00486782  0.03580381 -0.01982627]
 [-0.04759249 -0.01982627  0.14057545]]

Predictive distribution ~ N(2.3041882650716397, 3.0247575495563455)
--------------------------------------------------------------------------
(n = 23) add data point: (0.22807470983426725, 1.598329144860842):

Posterior mean: [0.96025298 2.89719901 3.25524045]

Posterior covariance:
[[ 0.02552538  0.00436652 -0.04367967]
 [ 0.00436652  0.033201   -0.01838819]
 [-0.04367967 -0.01838819  0.13009159]]

Predictive distribution ~ N(1.7903621425442164, 3.024615647558159)
--------------------------------------------------------------------------
(n = 24) add data point: (-0.7413831583531652, -0.44022463249530963):

Posterior mean: [0.95536484 2.93938662 3.22635047]

Posterior covariance:
[[ 0.02349959  0.00394129 -0.0403462 ]
 [ 0.00394129  0.03068838 -0.01678838]
 [-0.0403462  -0.01678838  0.12058319]]

Predictive distribution ~ N(0.5495133719354466, 3.0402833382076278)
--------------------------------------------------------------------------
(n = 25) add data point: (-0.9499455983112706, -0.21323324333948612):

Posterior mean: [0.9572749  2.99052968 3.17044767]

Posterior covariance:
[[ 0.02169543  0.00340116 -0.03709543]
 [ 0.00340116  0.02807632 -0.01448812]
 [-0.03709543 -0.01448812  0.11037911]]

Predictive distribution ~ N(0.977435718188802, 3.0883431195855557)
--------------------------------------------------------------------------
(n = 26) add data point: (-0.7619935119477574, 6.619381879512893):

Posterior mean: [0.95396977 2.98417566 3.19563678]

Posterior covariance:
[[ 0.02015031  0.00295714 -0.03431841]
 [ 0.00295714  0.02569478 -0.01239606]
 [-0.03431841 -0.01239606  0.10142193]]

Predictive distribution ~ N(0.5355430057018105, 3.035872051340308)
--------------------------------------------------------------------------
(n = 27) add data point: (0.44095272469501756, 4.115737491004838):

Posterior mean: [0.95681243 2.98371454 3.20921703]

Posterior covariance:
[[ 0.01875048  0.00255279 -0.03185689]
 [ 0.00255279  0.02366068 -0.01068127]
 [-0.03185689 -0.01068127  0.09375328]]

Predictive distribution ~ N(2.896487415490647, 3.014926801062757)
--------------------------------------------------------------------------
(n = 28) add data point: (-0.8932791264370583, 1.6070536042560675):

Posterior mean: [0.95731919 2.97759001 3.23254276]

Posterior covariance:
[[ 0.01751312  0.00216174 -0.02960636]
 [ 0.00216174  0.02173393 -0.00891887]
 [-0.02960636 -0.00891887  0.08644468]]

Predictive distribution ~ N(0.8768999206504917, 3.051500583338392)
--------------------------------------------------------------------------
(n = 29) add data point: (-0.6610142746443679, 2.648080183780701):

Posterior mean: [0.96025983 2.96205449 3.26109472]

Posterior covariance:
[[ 0.0164295   0.00186745 -0.02768262]
 [ 0.00186745  0.02004285 -0.00747818]
 [-0.02768262 -0.00747818  0.08021116]]

Predictive distribution ~ N(0.42720184032228037, 3.018160300850751)
--------------------------------------------------------------------------
(n = 30) add data point: (0.8141940233285998, 2.617376664116189):

Posterior mean: [0.96356117 2.93730569 3.26661143]

Posterior covariance:
[[ 0.01547419  0.00163211 -0.02600243]
 [ 0.00163211  0.01855829 -0.00641545]
 [-0.02600243 -0.00641545  0.07475968]]

Predictive distribution ~ N(5.520573514293503, 3.021887746295312)
--------------------------------------------------------------------------
(n = 31) add data point: (-0.9181117221765602, 2.3464680351270424):

Posterior mean: [0.96364661 2.90783781 3.28694488]

Posterior covariance:
[[ 0.01460748  0.00139348 -0.02442601]
 [ 0.00139348  0.01716536 -0.00531178]
 [-0.02442601 -0.00531178  0.06952013]]

Predictive distribution ~ N(1.0645882254803638, 3.042956823432719)
--------------------------------------------------------------------------
(n = 32) add data point: (0.3681425879701634, 1.7126999531944274):

Posterior mean: [0.96139408 2.88115297 3.30650161]

Posterior covariance:
[[ 0.01379378  0.00117749 -0.0229832 ]
 [ 0.00117749  0.01596422 -0.0044061 ]
 [-0.0229832  -0.0044061   0.06493473]]

Predictive distribution ~ N(2.470195934140298, 3.0113476332515847)
--------------------------------------------------------------------------
(n = 33) add data point: (0.2880658886211007, 4.347874284576821):

Posterior mean: [0.96858068 2.86197972 3.30854406]

Posterior covariance:
[[ 0.01302369  0.00098319 -0.02164263]
 [ 0.00098319  0.01492013 -0.00365168]
 [-0.02164263 -0.00365168  0.06084931]]

Predictive distribution ~ N(2.0675688727147263, 3.011480765165206)
--------------------------------------------------------------------------
(n = 34) add data point: (0.503536638378125, 2.415448006171321):

Posterior mean: [0.97322886 2.84325844 3.31116508]

Posterior covariance:
[[ 0.01231785  0.00080698 -0.02043832]
 [ 0.00080698  0.0139938  -0.0030236 ]
 [-0.02043832 -0.0030236   0.0572558 ]]

Predictive distribution ~ N(3.2444567331235556, 3.009223178298549)
--------------------------------------------------------------------------
(n = 35) add data point: (0.014734999416396333, 0.9701412823244905):

Posterior mean: [0.97749545 2.82673054 3.31277565]

Posterior covariance:
[[ 0.01164094  0.00065926 -0.01929178]
 [ 0.00065926  0.01318028 -0.00250489]
 [-0.01929178 -0.00250489  0.05395899]]

Predictive distribution ~ N(1.0198665891990224, 3.0116548364457145)
--------------------------------------------------------------------------
(n = 36) add data point: (0.9164082860915499, 3.804651221364983):

Posterior mean: [0.98474639 2.80346511 3.29441644]

Posterior covariance:
[[ 0.01103104  0.0005506  -0.01824285]
 [ 0.0005506   0.01242535 -0.00215438]
 [-0.01824285 -0.00215438  0.05086577]]

Predictive distribution ~ N(6.320529632852442, 3.02439233469953)
--------------------------------------------------------------------------
(n = 37) add data point: (0.7812557477750268, 7.342750829337913):

Posterior mean: [0.99169652 2.78870548 3.28501949]

Posterior covariance:
[[ 0.01048263  0.00045977 -0.01730546]
 [ 0.00045977  0.01172957 -0.0018928 ]
 [-0.01730546 -0.0018928   0.04807718]]

Predictive distribution ~ N(5.175434987949972, 3.013340675797732)
--------------------------------------------------------------------------
(n = 38) add data point: (-0.8752782412475286, 3.422198196049991):

Posterior mean: [0.99583332 2.76720119 3.29165336]

Posterior covariance:
[[ 0.00998387  0.0003736  -0.01644182]
 [ 0.0003736   0.01107096 -0.00160246]
 [-0.01644182 -0.00160246  0.04545131]]

Predictive distribution ~ N(1.0955374650735212, 3.0214446368335466)
--------------------------------------------------------------------------
(n = 39) add data point: (0.5797011511035419, 2.5078160953376023):

Posterior mean: [0.99808265 2.7456688  3.29756605]

Posterior covariance:
[[ 0.00952456  0.00029326 -0.01565984]
 [ 0.00029326  0.01047194 -0.00135714]
 [-0.01565984 -0.00135714  0.0431037 ]]

Predictive distribution ~ N(3.697908378406564, 3.0071976245142045)
--------------------------------------------------------------------------
(n = 40) add data point: (0.1251981970633682, 2.1938984709461766):

Posterior mean: [1.00274075 2.72674398 3.29837013]

Posterior covariance:
[[ 0.00907999  0.00022197 -0.01490811]
 [ 0.00022197  0.00993467 -0.00114458]
 [-0.01490811 -0.00114458  0.04092316]]

Predictive distribution ~ N(1.3958247783161855, 3.0088295020276474)
--------------------------------------------------------------------------
(n = 41) add data point: (0.4003141132885977, 3.999723595098427):

Posterior mean: [1.01014951 2.71138442 3.29470208]

Posterior covariance:
[[ 0.00866177  0.00015433 -0.01420882]
 [ 0.00015433  0.00944588 -0.00095511]
 [-0.01420882 -0.00095511  0.03893338]]

Predictive distribution ~ N(2.623535550430551, 3.0066223618229175)
--------------------------------------------------------------------------
(n = 42) add data point: (0.839909036023561, 4.152123331971652):

Posterior mean: [1.01766071 2.69398691 3.28516683]

Posterior covariance:
[[ 0.00828047  0.00010066 -0.0135688 ]
 [ 0.00010066  0.008987   -0.00082315]
 [-0.0135688  -0.00082315  0.03708409]]

Predictive distribution ~ N(5.59787636748579, 3.013124925303814)
--------------------------------------------------------------------------
(n = 43) add data point: (-0.5361529998993604, 0.2849910163032424):

Posterior mean: [1.02435914 2.67851395 3.27633439]

Posterior covariance:
[[ 7.92596204e-03  6.22619755e-05 -1.29814707e-02]
 [ 6.22619755e-05  8.56358969e-03 -7.14366121e-04]
 [-1.29814707e-02 -7.14366121e-04  3.54025006e-02]]

Predictive distribution ~ N(0.5300810654416154, 3.0060032042212232)
--------------------------------------------------------------------------
(n = 44) add data point: (0.6056633825127098, 4.77089494054668):

Posterior mean: [1.03155907 2.66585145 3.26787183]

Posterior covariance:
[[ 7.59768960e-03  2.51287355e-05 -1.24429937e-02]
 [ 2.51287355e-05  8.17102249e-03 -6.20407871e-04]
 [-1.24429937e-02 -6.20407871e-04  3.38681097e-02]]

Predictive distribution ~ N(3.8449150021023404, 3.005778322227494)
--------------------------------------------------------------------------
(n = 45) add data point: (0.3706926234286929, 3.16523423716377):

Posterior mean: [1.03958731 2.65489353 3.25811053]

Posterior covariance:
[[ 7.28514702e-03 -1.14413016e-05 -1.19334004e-02]
 [-1.14413016e-05  7.81049460e-03 -5.32179855e-04]
 [-1.19334004e-02 -5.32179855e-04  3.24426431e-02]]

Predictive distribution ~ N(2.4714435621761326, 3.0056286956824834)
--------------------------------------------------------------------------
(n = 46) add data point: (0.9333530723048435, 8.323021979832369):

Posterior mean: [1.04508219 2.6490816  3.25893317]

Posterior covariance:
[[ 6.99453672e-03 -3.56705045e-05 -1.14490708e-02]
 [-3.56705045e-05  7.46653837e-03 -4.89041938e-04]
 [-1.14490708e-02 -4.89041938e-04  3.10563347e-02]]

Predictive distribution ~ N(6.356623618938895, 3.016258085950385)
--------------------------------------------------------------------------
(n = 47) add data point: (-0.524042536465956, 0.9393096083768153):

Posterior mean: [1.05066976 2.64320167 3.25924355]

Posterior covariance:
[[ 6.72172645e-03 -5.11767012e-05 -1.09994896e-02]
 [-5.11767012e-05  7.14667224e-03 -4.54201948e-04]
 [-1.09994896e-02 -4.54201948e-04  2.97818994e-02]]

Predictive distribution ~ N(0.5605750035419697, 3.0050733913770404)
--------------------------------------------------------------------------
(n = 48) add data point: (-0.2965678761312174, 0.9729490904055615):

Posterior mean: [1.0566279  2.63746784 3.25834419]

Posterior covariance:
[[ 6.45918986e-03 -6.02402288e-05 -1.05692730e-02]
 [-6.02402288e-05  6.85167297e-03 -4.28761416e-04]
 [-1.05692730e-02 -4.28761416e-04  2.85872526e-02]]

Predictive distribution ~ N(0.5610192026801775, 3.0054818625396993)
--------------------------------------------------------------------------
(n = 49) add data point: (0.10295724920761518, -4.073304943622055):

Posterior mean: [1.05111015 2.63105927 3.27542114]

Posterior covariance:
[[ 6.20403618e-03 -6.90065191e-05 -1.01513242e-02]
 [-6.90065191e-05  6.57999352e-03 -4.03772384e-04]
 [-1.01513242e-02 -4.03772384e-04  2.74520941e-02]]

Predictive distribution ~ N(1.3567168820996258, 3.00604656721724)
--------------------------------------------------------------------------
(n = 50) add data point: (-0.10051873683851675, 2.8796266784624667):

Posterior mean: [1.05006683 2.62465262 3.28468324]

Posterior covariance:
[[ 5.95681531e-03 -7.48871218e-05 -9.74669842e-03]
 [-7.48871218e-05  6.32891764e-03 -3.83521986e-04]
 [-9.74669842e-03 -3.83521986e-04  2.63738887e-02]]

Predictive distribution ~ N(0.8194285533030473, 3.005842327899554)
--------------------------------------------------------------------------
(n = 51) add data point: (0.9269369778131267, 5.355637853992926):

Posterior mean: [1.04987512 2.61705014 3.28943266]

Posterior covariance:
[[ 5.72665245e-03 -7.55199476e-05 -9.36347554e-03]
 [-7.55199476e-05  6.08715854e-03 -3.86244607e-04]
 [-9.36347554e-03 -3.86244607e-04  2.53286721e-02]]

Predictive distribution ~ N(6.302036217505053, 3.012809925816194)
--------------------------------------------------------------------------
(n = 52) add data point: (0.04760967639103719, 2.177453368481277):

Posterior mean: [1.05152917 2.6100586  3.29088231]

Posterior covariance:
[[ 5.50359779e-03 -7.62506938e-05 -8.99285221e-03]
 [-7.62506938e-05  5.86327155e-03 -3.86858283e-04]
 [-8.99285221e-03 -3.86858283e-04  2.43364573e-02]]

Predictive distribution ~ N(1.1832525947816441, 3.005468901096901)
--------------------------------------------------------------------------
(n = 53) add data point: (0.72277757009342, 4.851221829797609):

Posterior mean: [1.05311801 2.60379657 3.29247746]

Posterior covariance:
[[ 5.29710355e-03 -7.76126599e-05 -8.65122024e-03]
 [-7.76126599e-05  5.65052153e-03 -3.90561660e-04]
 [-8.65122024e-03 -3.90561660e-04  2.34154966e-02]]

Predictive distribution ~ N(4.6550984102291935, 3.0051932330017395)
--------------------------------------------------------------------------
(n = 54) add data point: (0.6237787657018552, 0.6425950089969281):

Posterior mean: [1.05260212 2.59445608 3.2937739 ]

Posterior covariance:
[[ 5.10445757e-03 -8.05225069e-05 -8.33469005e-03]
 [-8.05225069e-05  5.44944295e-03 -3.92971821e-04]
 [-8.33469005e-03 -3.92971821e-04  2.25617879e-02]]

Predictive distribution ~ N(3.952575990325238, 3.0038633929060787)
--------------------------------------------------------------------------
(n = 55) add data point: (-0.43710093023719643, -1.2348653777058831):

Posterior mean: [1.050103   2.58722258 3.29723601]

Posterior covariance:
[[ 4.92143697e-03 -8.00514796e-05 -8.03624397e-03]
 [-8.00514796e-05  5.26031016e-03 -3.97147633e-04]
 [-8.03624397e-03 -3.97147633e-04  2.17636486e-02]]

Predictive distribution ~ N(0.5491863629403635, 3.0037864415550746)
--------------------------------------------------------------------------
(n = 56) add data point: (-0.8606818564214123, 1.1645233199911216):

Posterior mean: [1.04781613 2.58065168 3.3002114 ]

Posterior covariance:
[[ 4.75080248e-03 -8.09187243e-05 -7.75590395e-03]
 [-8.09187243e-05  5.07645989e-03 -3.87008670e-04]
 [-7.75590395e-03 -3.87008670e-04  2.09980544e-02]]

Predictive distribution ~ N(1.271404410008656, 3.0091759343533813)
--------------------------------------------------------------------------
(n = 57) add data point: (-0.8559407545412476, 3.331880645612678):

Posterior mean: [1.04512009 2.57139617 3.30828734]

Posterior covariance:
[[ 4.59138019e-03 -8.27486896e-05 -7.49234130e-03]
 [-8.27486896e-05  4.89815166e-03 -3.65651849e-04]
 [-7.49234130e-03 -3.65651849e-04  2.02648512e-02]]

Predictive distribution ~ N(1.2679229952855748, 3.008679117599647)
--------------------------------------------------------------------------
(n = 58) add data point: (0.8938054892099485, 6.170977794802111):

Posterior mean: [1.0425272  2.56301686 3.31630032]

Posterior covariance:
[[ 4.44164719e-03 -8.23329172e-05 -7.24230570e-03]
 [-8.23329172e-05  4.72697788e-03 -3.56638088e-04]
 [-7.24230570e-03 -3.56638088e-04  1.95594504e-02]]

Predictive distribution ~ N(5.9827191031722995, 3.0084731739909265)
--------------------------------------------------------------------------
(n = 59) add data point: (0.8632459043678682, 1.5596454743058414):

Posterior mean: [1.04148235 2.5502147  3.31440445]

Posterior covariance:
[[ 4.30105341e-03 -8.06157467e-05 -7.00621818e-03]
 [-8.06157467e-05  4.56306646e-03 -3.56062367e-04]
 [-7.00621818e-03 -3.56062367e-04  1.88863598e-02]]

Predictive distribution ~ N(5.712817359816279, 3.0071500102621744)
--------------------------------------------------------------------------
(n = 60) add data point: (0.03626372068445405, 0.4144170700827997):

Posterior mean: [1.03949828 2.53826808 3.31435702]

Posterior covariance:
[[ 4.16334504e-03 -7.90792309e-05 -6.77571713e-03]
 [-7.90792309e-05  4.41018358e-03 -3.54506892e-04]
 [-6.77571713e-03 -3.54506892e-04  1.82430244e-02]]

Predictive distribution ~ N(1.1359038918332571, 3.0041455860891255)
--------------------------------------------------------------------------
(n = 61) add data point: (0.4047695637447899, 1.8499700684057612):

Posterior mean: [1.03690074 2.52671167 3.31534558]

Posterior covariance:
[[ 4.03133570e-03 -7.91428258e-05 -6.55621273e-03]
 [-7.91428258e-05  4.26640647e-03 -3.50322862e-04]
 [-6.55621273e-03 -3.50322862e-04  1.76373588e-02]]

Predictive distribution ~ N(2.602817632844004, 3.0029449243096833)
--------------------------------------------------------------------------
(n = 62) add data point: (0.5543476291821501, 6.761304890010585):

Posterior mean: [1.03658015 2.51822467 3.31489587]

Posterior covariance:
[[ 3.90623045e-03 -8.03986091e-05 -6.34966797e-03]
 [-8.03986091e-05  4.13026982e-03 -3.45000165e-04]
 [-6.34966797e-03 -3.45000165e-04  1.70701182e-02]]

Predictive distribution ~ N(3.4512238156442914, 3.0026782660293336)
--------------------------------------------------------------------------
(n = 63) add data point: (-0.7207653542299499, 0.3751128712294153):

Posterior mean: [1.03616736 2.51086975 3.31398936]

Posterior covariance:
[[ 3.78852373e-03 -8.06851910e-05 -6.15631858e-03]
 [-8.06851910e-05  3.99930935e-03 -3.36817000e-04]
 [-6.15631858e-03 -3.36817000e-04  1.65358745e-02]]

Predictive distribution ~ N(0.9480458419235747, 3.0043010251793927)
--------------------------------------------------------------------------
(n = 64) add data point: (-0.1928855062703949, -1.2217807943008818):

Posterior mean: [1.03359334 2.50450392 3.31651233]

Posterior covariance:
[[ 3.67369589e-03 -7.98250839e-05 -5.96825863e-03]
 [-7.98250839e-05  3.87618169e-03 -3.30436991e-04]
 [-5.96825863e-03 -3.30436991e-04  1.60246920e-02]]

Predictive distribution ~ N(0.6739010764435052, 3.003431530735266)
--------------------------------------------------------------------------
(n = 65) add data point: (-0.9799708583663878, -0.46782082243768786):

Posterior mean: [1.03260059 2.50155385 3.31187609]

Posterior covariance:
[[ 3.56440301e-03 -8.15228635e-05 -5.78532299e-03]
 [-8.15228635e-05  3.75490707e-03 -3.11401002e-04]
 [-5.78532299e-03 -3.11401002e-04  1.55144986e-02]]

Predictive distribution ~ N(1.761687351596585, 3.011112895280612)
--------------------------------------------------------------------------
(n = 66) add data point: (-0.11294493380626291, 1.0663805294429907):

Posterior mean: [1.03197235 2.4987358  3.30704536]

Posterior covariance:
[[ 3.45759286e-03 -8.23162782e-05 -5.60721257e-03]
 [-8.23162782e-05  3.64091813e-03 -2.94924970e-04]
 [-5.60721257e-03 -2.94924970e-04  1.50262127e-02]]

Predictive distribution ~ N(0.7919393160008529, 3.003382870447667)
--------------------------------------------------------------------------
(n = 67) add data point: (-0.015128197074328886, -1.6982749084128677):

Posterior mean: [1.02836717 2.49620401 3.30738246]

Posterior covariance:
[[ 3.35325628e-03 -8.27235588e-05 -5.43369334e-03]
 [-8.27235588e-05  3.53364624e-03 -2.80078926e-04]
 [-5.43369334e-03 -2.80078926e-04  1.45579381e-02]]

Predictive distribution ~ N(0.9913610411432818, 3.003354083480285)
--------------------------------------------------------------------------
(n = 68) add data point: (0.4323752890634083, 4.9714278608386735):

Posterior mean: [1.02664368 2.49483258 3.30563833]

Posterior covariance:
[[ 3.25337922e-03 -8.39498064e-05 -5.26855913e-03]
 [-8.39498064e-05  3.43191125e-03 -2.65206907e-04]
 [-5.26855913e-03 -2.65206907e-04  1.41154726e-02]]

Predictive distribution ~ N(2.7233313985099032, 3.0023029337714875)
--------------------------------------------------------------------------
(n = 69) add data point: (-0.8832917037570394, -1.9035652870108866):

Posterior mean: [1.0258479  2.49708681 3.29762093]

Posterior covariance:
[[ 3.15909986e-03 -8.57140848e-05 -5.11172171e-03]
 [-8.57140848e-05  3.33241263e-03 -2.45334255e-04]
 [-5.11172171e-03 -2.45334255e-04  1.36879534e-02]]

Predictive distribution ~ N(1.3930096508462588, 3.006604365210524)
--------------------------------------------------------------------------
(n = 70) add data point: (-0.8178174910127687, 4.5097639649443):

Posterior mean: [1.02488265 2.49600105 3.29464938]

Posterior covariance:
[[ 3.07013408e-03 -8.73140564e-05 -4.96374187e-03]
 [-8.73140564e-05  3.23576531e-03 -2.23329761e-04]
 [-4.96374187e-03 -2.23329761e-04  1.32800359e-02]]

Predictive distribution ~ N(1.1871546757149423, 3.0049221939699993)
--------------------------------------------------------------------------
(n = 71) add data point: (0.011173719049200725, 0.7943880272774402):

Posterior mean: [1.0237107  2.49496998 3.29226619]

Posterior covariance:
[[ 2.98308907e-03 -8.85429022e-05 -4.81933873e-03]
 [-8.85429022e-05  3.14459801e-03 -2.03494598e-04]
 [-4.81933873e-03 -2.03494598e-04  1.28881135e-02]]

Predictive distribution ~ N(1.0519998379093234, 3.0029802992015977)
--------------------------------------------------------------------------
(n = 72) add data point: (-0.42635156214236103, 0.9759977610707267):

Posterior mean: [1.02289163 2.49378704 3.28969122]

Posterior covariance:
[[ 2.89940356e-03 -8.85052505e-05 -4.68151348e-03]
 [-8.85052505e-05  3.05777709e-03 -1.86609656e-04]
 [-4.68151348e-03 -1.86609656e-04  1.25169576e-02]]

Predictive distribution ~ N(0.5576474052823713, 3.002271246135699)
--------------------------------------------------------------------------
(n = 73) add data point: (0.6311666386053949, 6.827180579202684):

Posterior mean: [1.02304159 2.49433363 3.28743581]

Posterior covariance:
[[ 2.81998923e-03 -8.88809733e-05 -4.55142859e-03]
 [-8.88809733e-05  2.97465762e-03 -1.71353170e-04]
 [-4.55142859e-03 -1.71353170e-04  1.21666403e-02]]

Predictive distribution ~ N(3.9070019198747508, 3.0021111655384556)
--------------------------------------------------------------------------
(n = 74) add data point: (-0.5133922473125603, -1.2392877934345554):

Posterior mean: [1.02218239 2.49584205 3.28606261]

Posterior covariance:
[[ 2.74393706e-03 -8.82144268e-05 -4.42773133e-03]
 [-8.82144268e-05  2.89508314e-03 -1.58105347e-04]
 [-4.42773133e-03 -1.58105347e-04  1.18349568e-02]]

Predictive distribution ~ N(0.6069492141179152, 3.002128490053841)
--------------------------------------------------------------------------
(n = 75) add data point: (-0.8313051149475261, 2.593568163311021):

Posterior mean: [1.02125843 2.49610509 3.28650081]

Posterior covariance:
[[ 2.67186308e-03 -8.76907732e-05 -4.31029487e-03]
 [-8.76907732e-05  2.81753595e-03 -1.42815112e-04]
 [-4.31029487e-03 -1.42815112e-04  1.15161866e-02]]

Predictive distribution ~ N(1.2174296794585975, 3.0044712897298114)
--------------------------------------------------------------------------
(n = 76) add data point: (-0.15897737744052942, 4.022467297558024):

Posterior mean: [1.02315439 2.49577062 3.28261805]

Posterior covariance:
[[ 2.60138058e-03 -8.66592221e-05 -4.19568338e-03]
 [-8.66592221e-05  2.74397054e-03 -1.29574386e-04]
 [-4.19568338e-03 -1.29574386e-04  1.12091655e-02]]

Predictive distribution ~ N(0.7093475772594695, 3.0024944043691697)
--------------------------------------------------------------------------
(n = 77) add data point: (-0.34467746831818036, -0.2777625014842683):

Posterior mean: [1.02437674 2.49573191 3.27969673]

Posterior covariance:
[[ 2.53308340e-03 -8.49076566e-05 -4.08511346e-03]
 [-8.49076566e-05  2.67382542e-03 -1.18422754e-04]
 [-4.08511346e-03 -1.18422754e-04  1.09156301e-02]]

Predictive distribution ~ N(0.5537905368457287, 3.0021023905647355)
--------------------------------------------------------------------------
(n = 78) add data point: (0.7191602533392134, 6.290666883523116):

Posterior mean: [1.02574331 2.49671834 3.27777794]

Posterior covariance:
[[ 2.46824012e-03 -8.34214822e-05 -3.98039221e-03]
 [-8.34214822e-05  2.60619490e-03 -1.09046305e-04]
 [-3.98039221e-03 -1.09046305e-04  1.06364250e-02]]

Predictive distribution ~ N(4.516522698541224, 3.0023428927101503)
--------------------------------------------------------------------------
(n = 79) add data point: (0.33835566002191664, 1.0982722304977324):

Posterior mean: [1.02630075 2.49736292 3.27700385]

Posterior covariance:
[[ 2.40538732e-03 -8.24702742e-05 -3.87915097e-03]
 [-8.24702742e-05  2.54171794e-03 -9.97443246e-05]
 [-3.87915097e-03 -9.97443246e-05  1.03686971e-02]]

Predictive distribution ~ N(2.2464639487019085, 3.0018805325129008)
--------------------------------------------------------------------------
(n = 80) add data point: (-0.5030712386495999, 0.4290018008371808):

Posterior mean: [1.02674882 2.49805302 3.27633843]

Posterior covariance:
[[ 2.34497656e-03 -8.08676040e-05 -3.78237735e-03]
 [-8.08676040e-05  2.47975614e-03 -9.17345031e-05]
 [-3.78237735e-03 -9.17345031e-05  1.01136886e-02]]

Predictive distribution ~ N(0.599228118681344, 3.001810564874301)
--------------------------------------------------------------------------
(n = 81) add data point: (0.680150204461957, 4.86745774171423):

Posterior mean: [1.02728431 2.49902878 3.27587912]

Posterior covariance:
[[ 2.28743393e-03 -7.95912266e-05 -3.69046142e-03]
 [-7.95912266e-05  2.41997670e-03 -8.47784433e-05]
 [-3.69046142e-03 -8.47784433e-05  9.87072702e-03]]

Predictive distribution ~ N(4.2424350162185025, 3.0019432241004425)
--------------------------------------------------------------------------
(n = 82) add data point: (0.28987967587831864, 0.22930284280632307):

Posterior mean: [1.02665079 2.49959965 3.27713285]

Posterior covariance:
[[ 2.23143680e-03 -7.87263276e-05 -3.60112191e-03]
 [-7.87263276e-05  2.36289827e-03 -7.78014072e-05]
 [-3.60112191e-03 -7.78014072e-05  9.63654418e-03]]

Predictive distribution ~ N(2.0266121408627, 3.001843397297469)
--------------------------------------------------------------------------
(n = 83) add data point: (0.9363983423633369, 6.974690590803961):

Posterior mean: [1.02580844 2.50063818 3.27946947]

Posterior covariance:
[[ 2.17779915e-03 -7.71980910e-05 -3.51449263e-03]
 [-7.71980910e-05  2.30709703e-03 -7.45094074e-05]
 [-3.51449263e-03 -7.45094074e-05  9.40598228e-03]]

Predictive distribution ~ N(6.242977972105797, 3.0050023231272887)
--------------------------------------------------------------------------
(n = 84) add data point: (-0.11097355197269554, 1.2764714711849994):

Posterior mean: [1.02534601 2.50157632 3.28115927]

Posterior covariance:
[[ 2.12522074e-03 -7.54974054e-05 -3.42962568e-03]
 [-7.54974054e-05  2.25383550e-03 -7.17957952e-05]
 [-3.42962568e-03 -7.17957952e-05  9.18254612e-03]]

Predictive distribution ~ N(0.7881451035720535, 3.0020868497624282)
--------------------------------------------------------------------------
(n = 85) add data point: (0.5152638502061431, 6.457022599337847):

Posterior mean: [1.02615639 2.50360918 3.28167886]

Posterior covariance:
[[ 2.07468221e-03 -7.42685841e-05 -3.34837724e-03]
 [-7.42685841e-05  2.20261569e-03 -6.89002868e-05]
 [-3.34837724e-03 -6.89002868e-05  8.96914886e-03]]

Predictive distribution ~ N(3.187451048681689, 3.0014183379806534)
--------------------------------------------------------------------------
(n = 86) add data point: (-0.4720902293684044, 0.37208147750194764):

Posterior mean: [1.02683745 2.50562669 3.28226816]

Posterior covariance:
[[ 2.02590073e-03 -7.25821681e-05 -3.27031991e-03]
 [-7.25821681e-05  2.15326602e-03 -6.66629058e-05]
 [-3.27031991e-03 -6.66629058e-05  8.76490069e-03]]

Predictive distribution ~ N(0.5754720020190499, 3.0015660072872583)
--------------------------------------------------------------------------
(n = 87) add data point: (-0.9350998202302774, 0.9018480916506989):

Posterior mean: [1.02764873 2.50801104 3.28189199]

Posterior covariance:
[[ 1.97917422e-03 -7.14933783e-05 -3.19473493e-03]
 [-7.14933783e-05  2.10461644e-03 -6.15117118e-05]
 [-3.19473493e-03 -6.15117118e-05  8.56343563e-03]]

Predictive distribution ~ N(1.5521327220534316, 3.005014313555653)
--------------------------------------------------------------------------
(n = 88) add data point: (0.9621141573032048, 2.4522493274034525):

Posterior mean: [1.02979471 2.50780127 3.27541206]

Posterior covariance:
[[ 1.93420615e-03 -6.97955826e-05 -3.12100937e-03]
 [-6.97955826e-05  2.05697317e-03 -5.95725400e-05]
 [-3.12100937e-03 -5.95725400e-05  8.36408122e-03]]

Predictive distribution ~ N(6.4745157001865685, 3.004986638775791)
--------------------------------------------------------------------------
(n = 89) add data point: (-0.5837889569649164, 1.822859100217583):

Posterior mean: [1.03218214 2.50712012 3.26913941]

Posterior covariance:
[[ 1.89097213e-03 -6.78011699e-05 -3.05054218e-03]
 [-6.78011699e-05  2.01090875e-03 -5.78411788e-05]
 [-3.05054218e-03 -5.78411788e-05  8.17378083e-03]]

Predictive distribution ~ N(0.6827070172130356, 3.0015485746561437)
--------------------------------------------------------------------------
(n = 90) add data point: (-0.07297510270358698, -0.30971991103991137):

Posterior mean: [1.03374198 2.50655062 3.26429858]

Posterior covariance:
[[ 1.84850302e-03 -6.57836501e-05 -2.98138870e-03]
 [-6.57836501e-05  1.96684850e-03 -5.64088762e-05]
 [-2.98138870e-03 -5.64088762e-05  7.98907544e-03]]

Predictive distribution ~ N(0.8682097729022173, 3.001837094781201)
--------------------------------------------------------------------------
(n = 91) add data point: (0.644933882744483, 2.5480518670715724):

Posterior mean: [1.0349627  2.50544364 3.25952623]

Posterior covariance:
[[ 1.80779782e-03 -6.40882443e-05 -2.91535588e-03]
 [-6.40882443e-05  1.92423443e-03 -5.51597066e-05]
 [-2.91535588e-03 -5.51597066e-05  7.81250367e-03]]

Predictive distribution ~ N(4.006574599648797, 3.0014222886148856)
--------------------------------------------------------------------------
(n = 92) add data point: (0.5757668960415019, 3.1791318083090525):

Posterior mean: [1.03603069 2.50425668 3.25500404]

Posterior covariance:
[[ 1.76864030e-03 -6.27394322e-05 -2.85209299e-03]
 [-6.27394322e-05  1.88309206e-03 -5.38476870e-05]
 [-2.85209299e-03 -5.38476870e-05  7.64352757e-03]]

Predictive distribution ~ N(3.5569571045303077, 3.0012491189833193)
--------------------------------------------------------------------------
(n = 93) add data point: (-0.24576977059554195, -1.0634657091118749):

Posterior mean: [1.03616936 2.50340929 3.25197636]

Posterior covariance:
[[ 1.73031396e-03 -6.11740666e-05 -2.79029443e-03]
 [-6.11740666e-05  1.84358291e-03 -5.29974109e-05]
 [-2.79029443e-03 -5.29974109e-05  7.47990286e-03]]

Predictive distribution ~ N(0.6173354431426381, 3.0015635217881265)
--------------------------------------------------------------------------
(n = 94) add data point: (-0.8956111552728108, 4.0318567744861475):

Posterior mean: [1.0359134  2.50109117 3.25186747]

Posterior covariance:
[[ 1.69354796e-03 -5.99372243e-05 -2.73064612e-03]
 [-5.99372243e-05  1.80471417e-03 -5.03451663e-05]
 [-2.73064612e-03 -5.03451663e-05  7.31975113e-03]]

Predictive distribution ~ N(1.4042940319716313, 3.003649725970542)
--------------------------------------------------------------------------
(n = 95) add data point: (0.3844677666124765, 2.3305331993229568):

Posterior mean: [1.03560751 2.49883817 3.25183921]

Posterior covariance:
