(n = 1) add data point: (-0.15717536695649903, 1.585244726822428):

Posterior mean: [ 1.56915571e-02 -2.46632625e-03  3.87645733e-04 -6.09283603e-05]

Posterior covariance:
[[ 9.90101492e-03  1.55580158e-05 -2.44533684e-06  3.84346715e-07]
 [ 1.55580158e-05  9.99755466e-03  3.84346715e-07 -6.04098360e-08]
 [-2.44533684e-06  3.84346715e-07  9.99993959e-03  9.49493813e-09]
 [ 3.84346715e-07 -6.04098360e-08  9.49493813e-09  9.99999851e-03]]

Predictive distribution ~ N(0.016089015857151393, 1.010149231588615)
--------------------------------------------------------------------------
(n = 2) add data point: (0.774753901423036, 7.041314301379641):

Posterior mean: [0.09852117 0.04849418 0.04194611 0.03181026]

Posterior covariance:
[[ 9.70952401e-03 -4.39724020e-05 -6.25283198e-05 -4.39707655e-05]
 [-4.39724020e-05  9.93598679e-03 -4.48878006e-05 -3.55167732e-05]
 [-6.25283198e-05 -4.48878006e-05  9.96466404e-03 -2.72888148e-05]
 [-4.39707655e-05 -3.55167732e-05 -2.72888148e-05  9.97882206e-03]]

Predictive distribution ~ N(0.17606318954800815, 1.0211551078779617)
--------------------------------------------------------------------------
(n = 3) add data point: (-0.42189224727281194, -1.1032700402367739):

Posterior mean: [0.16508418 0.10256477 0.07953395 0.06325782]

Posterior covariance:
[[ 9.43680232e-03 -5.93238539e-05 -1.35133822e-04 -7.80589036e-05]
 [-5.93238539e-05  9.85842294e-03 -8.12674147e-05 -7.30789486e-05]
 [-1.35133822e-04 -8.12674147e-05  9.92806474e-03 -5.20896805e-05]
 [-7.80589036e-05 -7.30789486e-05 -5.20896805e-05  9.95785668e-03]]

Predictive distribution ~ N(0.1312191124906011, 1.0115848644821814)
--------------------------------------------------------------------------
(n = 4) add data point: (0.7470024498667016, 6.859171601390379):

Posterior mean: [0.28351738 0.19992219 0.14805047 0.11812592]

Posterior covariance:
[[ 9.10139602e-03 -1.35503786e-04 -2.48712470e-04 -1.44060059e-04]
 [-1.35503786e-04  9.73283998e-03 -1.52758020e-04 -1.36944815e-04]
 [-2.48712470e-04 -1.52758020e-04  9.86664965e-03 -9.57786975e-05]
 [-1.44060059e-04 -1.36944815e-04 -9.57786975e-05  9.92262430e-03]]

Predictive distribution ~ N(0.5647130097507971, 1.0184714862976023)
--------------------------------------------------------------------------
(n = 5) add data point: (-0.3890478687163328, -0.9069710277891129):

Posterior mean: [0.37950135 0.29602254 0.2096265  0.17002746]

Posterior covariance:
[[ 0.0087165  -0.00016742 -0.00036213 -0.00019671]
 [-0.00016742  0.00959791 -0.00021442 -0.00019995]
 [-0.00036213 -0.00021442  0.00980855 -0.00013528]
 [-0.00019671 -0.00019995 -0.00013528  0.00988921]]

Predictive distribution ~ N(0.28605093856649105, 1.0104905309191348)
--------------------------------------------------------------------------
(n = 6) add data point: (-0.7222204599115374, -1.0330803874970176):

Posterior mean: [0.45435955 0.39616118 0.26032204 0.22354465]

Posterior covariance:
[[ 0.008298   -0.00013537 -0.00050409 -0.00021156]
 [-0.00013537  0.00941934 -0.00023831 -0.00028673]
 [-0.00050409 -0.00023831  0.00973159 -0.0001534 ]
 [-0.00021156 -0.00028673 -0.0001534   0.00984314]]

Predictive distribution ~ N(0.21981650336983805, 1.0171685496594316)
--------------------------------------------------------------------------
(n = 7) add data point: (-0.17879829542604808, -0.003944225522264366):

Posterior mean: [0.51737975 0.49258944 0.30710066 0.27433174]

Posterior covariance:
[[ 7.86047228e-03 -9.19599003e-05 -6.28416140e-04 -2.22863935e-04]
 [-9.19599003e-05  9.24610261e-03 -2.61862412e-04 -3.69864587e-04]
 [-6.28416140e-04 -2.61862412e-04  9.66053749e-03 -1.70097397e-04]
 [-2.22863935e-04 -3.69864587e-04 -1.70097397e-04  9.79916292e-03]]

Predictive distribution ~ N(0.4375551735986787, 1.008163805266373)
--------------------------------------------------------------------------
(n = 8) add data point: (0.7746583911875689, 6.11234040685256):

Posterior mean: [0.60500444 0.61558722 0.37240704 0.34040479]

Posterior covariance:
[[ 7.42473332e-03 -9.76614639e-05 -7.70019332e-04 -2.58873430e-04]
 [-9.76614639e-05  9.03826178e-03 -3.15536199e-04 -4.74165736e-04]
 [-7.70019332e-04 -3.15536199e-04  9.57262797e-03 -2.03330959e-04]
 [-2.58873430e-04 -4.74165736e-04 -2.03330959e-04  9.74264319e-03]]

Predictive distribution ~ N(1.4635977508179507, 1.0163367339280671)
--------------------------------------------------------------------------
(n = 9) add data point: (-0.07488052662305678, 0.3137127701207475):

Posterior mean: [0.67771726 0.73072318 0.43147589 0.40158306]

Posterior covariance:
[[ 6.99177873e-03 -9.38513318e-05 -8.87196971e-04 -2.87211682e-04]
 [-9.38513318e-05  8.84221931e-03 -3.65133891e-04 -5.72171540e-04]
 [-8.87196971e-04 -3.65133891e-04  9.49181366e-03 -2.33071144e-04]
 [-2.87211682e-04 -5.72171540e-04 -2.33071144e-04  9.68973761e-03]]

Predictive distribution ~ N(0.6252510360959022, 1.0070462769924546)
--------------------------------------------------------------------------
(n = 10) add data point: (-0.44981071759513, 2.3899417748925407):

Posterior mean: [0.75221412 0.83086255 0.48744453 0.45658902]

Posterior covariance:
[[ 6.57020585e-03 -6.19252366e-05 -9.95393912e-04 -3.04688224e-04]
 [-6.19252366e-05  8.64158397e-03 -4.06331609e-04 -6.68082095e-04]
 [-9.95393912e-04 -4.06331609e-04  9.41585527e-03 -2.58707517e-04]
 [-3.04688224e-04 -6.68082095e-04 -2.58707517e-04  9.63921002e-03]]

Predictive distribution ~ N(0.43555354740301816, 1.0085211168858865)
--------------------------------------------------------------------------
(n = 11) add data point: (0.745236041011367, 5.144488938110401):

Posterior mean: [0.8329662  0.94271068 0.54983409 0.51692702]

Posterior covariance:
[[ 6.17260050e-03 -6.31445613e-05 -1.10804891e-03 -3.35024027e-04]
 [-6.31445613e-05  8.42071619e-03 -4.65533213e-04 -7.74830317e-04]
 [-1.10804891e-03 -4.65533213e-04  9.33219876e-03 -2.92495345e-04]
 [-3.35024027e-04 -7.74830317e-04 -2.92495345e-04  9.58322004e-03]]

Predictive distribution ~ N(2.0548225092979484, 1.0127693375853875)
--------------------------------------------------------------------------
(n = 12) add data point: (-0.6815108548165363, -2.1399599066443264):

Posterior mean: [0.88790868 1.05943188 0.59722834 0.57919901]

Posterior covariance:
[[ 5.79754631e-03 -3.01749025e-05 -1.22283913e-03 -3.43925974e-04]
 [-3.01749025e-05  8.18373299e-03 -4.99352000e-04 -8.90247447e-04]
 [-1.22283913e-03 -4.99352000e-04  9.24311136e-03 -3.12056496e-04]
 [-3.43925974e-04 -8.90247447e-04 -3.12056496e-04  9.52284832e-03]]

Predictive distribution ~ N(0.25994594079677275, 1.0116933189303943)
--------------------------------------------------------------------------
(n = 13) add data point: (0.15069761112839575, 1.1552005915061037):

Posterior mean: [0.93466689 1.1676359  0.63973687 0.63668154]

Posterior covariance:
[[ 5.44267891e-03 -6.48777849e-06 -1.31404143e-03 -3.48500127e-04]
 [-6.48777849e-06  7.96270050e-03 -5.29121379e-04 -9.96666302e-04]
 [-1.31404143e-03 -5.29121379e-04  9.15967818e-03 -3.29817680e-04]
 [-3.48500127e-04 -9.96666302e-04 -3.29817680e-04  9.46656192e-03]]

Predictive distribution ~ N(1.127334027428039, 1.005559620019481)
--------------------------------------------------------------------------
(n = 14) add data point: (-0.057481468665075974, 0.3316994803627833):

Posterior mean: [0.97124119 1.26829988 0.67907622 0.6901589 ]

Posterior covariance:
[[ 5.10816292e-03  1.76715798e-05 -1.38442177e-03 -3.50320929e-04]
 [ 1.76715798e-05  7.75701871e-03 -5.56893531e-04 -1.09562513e-03]
 [-1.38442177e-03 -5.56893531e-04  9.07989250e-03 -3.46070624e-04]
 [-3.50320929e-04 -1.09562513e-03 -3.46070624e-04  9.41399372e-03]]

Predictive distribution ~ N(0.9004501161207284, 1.0051230334532864)
--------------------------------------------------------------------------
(n = 15) add data point: (-0.898068736709555, -0.2329718666068734):

Posterior mean: [1.00185368 1.36229486 0.71491022 0.74026741]

Posterior covariance:
[[ 4.80240227e-03  6.38759007e-05 -1.46867072e-03 -3.27241762e-04]
 [ 6.38759007e-05  7.52561044e-03 -5.41120176e-04 -1.22744664e-03]
 [-1.46867072e-03 -5.41120176e-04  8.96151571e-03 -3.19530354e-04]
 [-3.27241762e-04 -1.22744664e-03 -3.19530354e-04  9.32517483e-03]]

Predictive distribution ~ N(-0.18117435728692477, 1.0191442893462659)
--------------------------------------------------------------------------
(n = 16) add data point: (0.5463310272476392, 2.725000154558839):

Posterior mean: [1.03052992 1.45129448 0.74922318 0.78653876]

Posterior covariance:
[[ 4.52050455e-03  8.68983063e-05 -1.54154488e-03 -3.10501586e-04]
 [ 8.68983063e-05  7.29985750e-03 -5.31296992e-04 -1.34917822e-03]
 [-1.54154488e-03 -5.31296992e-04  8.84955562e-03 -2.95511202e-04]
 [-3.10501586e-04 -1.34917822e-03 -2.95511202e-04  9.24309282e-03]]

Predictive distribution ~ N(2.175302411106882, 1.0063645461428017)
--------------------------------------------------------------------------
(n = 17) add data point: (0.5528374981349427, 3.1532573741922065):

Posterior mean: [1.05812802 1.53640993 0.78229916 0.82940001]

Posterior covariance:
[[ 4.26083308e-03  9.24766959e-05 -1.60455868e-03 -2.98305709e-04]
 [ 9.24766959e-05  7.07950071e-03 -5.25821315e-04 -1.46173516e-03]
 [-1.60455868e-03 -5.25821315e-04  8.74319201e-03 -2.73443177e-04]
 [-2.98305709e-04 -1.46173516e-03 -2.73443177e-04  9.16696736e-03]]

Predictive distribution ~ N(2.286744773894772, 1.006044569122025)
--------------------------------------------------------------------------
(n = 18) add data point: (-0.5525441135891873, -0.5157398266763628):

Posterior mean: [1.07836667 1.61740888 0.81249399 0.8696412 ]

Posterior covariance:
[[ 0.0040219   0.00011012 -0.00166111 -0.00028447]
 [ 0.00011012  0.00686412 -0.00051633 -0.00156834]
 [-0.00166111 -0.00051633  0.00864053 -0.00025132]
 [-0.00028447 -0.00156834 -0.00025132  0.00909519]]

Predictive distribution ~ N(0.28603171904194835, 1.0060494860957296)
--------------------------------------------------------------------------
(n = 19) add data point: (0.900349090424474, 9.04290893527916):

Posterior mean: [1.10716179 1.71443191 0.86434245 0.92986829]

Posterior covariance:
[[ 0.00380763  0.00011443 -0.0017182  -0.00028395]
 [ 0.00011443  0.00664637 -0.00052871 -0.00168617]
 [-0.0017182  -0.00052871  0.00852212 -0.00025164]
 [-0.00028395 -0.00168617 -0.00025164  0.00900737]]

Predictive distribution ~ N(4.030072700773242, 1.0133138465024156)
--------------------------------------------------------------------------
(n = 20) add data point: (0.6324162418994399, 3.7240933702550763):

Posterior mean: [1.13302349 1.80494296 0.91344423 0.98520723]

Posterior covariance:
[[ 0.00361134  0.00010904 -0.00176817 -0.00028518]
 [ 0.00010904  0.00643586 -0.00054333 -0.00179514]
 [-0.00176817 -0.00054333  0.00840879 -0.00025186]
 [-0.00028518 -0.00179514 -0.00025186  0.00892579]]

Predictive distribution ~ N(2.889024486537168, 1.0057806543307513)
--------------------------------------------------------------------------
(n = 21) add data point: (0.9842848857919582, 9.98481118996133):

Posterior mean: [1.16129155 1.90580794 0.98613373 1.06561907]

Posterior covariance:
[[ 0.00343653  0.00010019 -0.00181681 -0.0002945 ]
 [ 0.00010019  0.00622934 -0.00057635 -0.00191669]
 [-0.00181681 -0.00057635  0.00827222 -0.0002834 ]
 [-0.0002945  -0.00191669 -0.0002834   0.00881435]]

Predictive distribution ~ N(5.0086978359487, 1.0161455522556697)
--------------------------------------------------------------------------
(n = 22) add data point: (-0.7175519819696292, -1.1391152538734848):

Posterior mean: [1.18059412 1.9982592  1.04901823 1.13959387]

Posterior covariance:
[[ 0.00327677  0.00010428 -0.001862   -0.00029511]
 [ 0.00010428  0.0060293  -0.00059199 -0.00203248]
 [-0.001862   -0.00059199  0.00813626 -0.00030356]
 [-0.00029511 -0.00203248 -0.00030356  0.00870788]]

Predictive distribution ~ N(-0.13416858979254864, 1.0073529504579926)
--------------------------------------------------------------------------
(n = 23) add data point: (-0.20896467531960994, 1.7409658698590507):

Posterior mean: [1.19812638 2.07889952 1.10526479 1.20605999]

Posterior covariance:
[[ 0.00312621  0.00011269 -0.0018935  -0.00029448]
 [ 0.00011269  0.00584792 -0.00060552 -0.00213491]
 [-0.0018935  -0.00060552  0.00800666 -0.0003205 ]
 [-0.00029448 -0.00213491 -0.0003205   0.00861058]]

Predictive distribution ~ N(0.8009676324724039, 1.0031936321203465)
--------------------------------------------------------------------------
(n = 24) add data point: (0.9041345063243591, 8.043282437843454):

Posterior mean: [1.21571804 2.15981632 1.16811804 1.27726056]

Posterior covariance:
[[ 0.00299068  0.00011701 -0.00192246 -0.00029782]
 [ 0.00011701  0.00567409 -0.00062751 -0.00223747]
 [-0.00192246 -0.00062751  0.00787028 -0.00034856]
 [-0.00029782 -0.00223747 -0.00034856  0.00850737]]

Predictive distribution ~ N(5.067385776591449, 1.0098246592303715)
--------------------------------------------------------------------------
(n = 25) add data point: (0.7662462985752863, 5.837141150754935):

Posterior mean: [1.23173476 2.23552427 1.22823149 1.34332591]

Posterior covariance:
[[ 0.00286691  0.0001175  -0.0019474  -0.00030173]
 [ 0.0001175   0.00550891 -0.00065036 -0.00233222]
 [-0.0019474  -0.00065036  0.00773831 -0.00037515]
 [-0.00030173 -0.00233222 -0.00037515  0.00841093]]

Predictive distribution ~ N(4.270179944279, 1.0057018339682482)
--------------------------------------------------------------------------
(n = 26) add data point: (-0.33914311334066327, 0.17301473698279413):

Posterior mean: [1.24276262 2.30254356 1.28308896 1.40240941]

Posterior covariance:
[[ 0.00274983  0.00012394 -0.00196357 -0.00030391]
 [ 0.00012394  0.00535722 -0.00066959 -0.00241539]
 [-0.00196357 -0.00066959  0.00761344 -0.00039736]
 [-0.00030391 -0.00241539 -0.00039736  0.00832269]]

Predictive distribution ~ N(0.5547446207835658, 1.002959233376467)
--------------------------------------------------------------------------
(n = 27) add data point: (-0.8819023452762991, -3.2021322310019023):

Posterior mean: [1.24790043 2.36957379 1.32201848 1.46543595]

Posterior covariance:
[[ 0.00264317  0.00013485 -0.00198013 -0.00029981]
 [ 0.00013485  0.00520893 -0.00066931 -0.00250227]
 [-0.00198013 -0.00066931  0.00747293 -0.00039691]
 [-0.00029981 -0.00250227 -0.00039691  0.00822486]]

Predictive distribution ~ N(-0.8187741897337646, 1.0104919992397086)
--------------------------------------------------------------------------
(n = 28) add data point: (-0.9243505651305317, -2.6526481348786204):

Posterior mean: [1.24979839 2.43378972 1.34964492 1.53009659]

Posterior covariance:
[[ 0.00254614  0.00014776 -0.00199606 -0.00029149]
 [ 0.00014776  0.00506554 -0.00065208 -0.0025931 ]
 [-0.00199606 -0.00065208  0.00731315 -0.00037139]
 [-0.00029149 -0.0025931  -0.00037139  0.0081132 ]]

Predictive distribution ~ N(-1.055158366439727, 1.0117952889553579)
--------------------------------------------------------------------------
(n = 29) add data point: (-0.5751566602995135, 0.5033716763970599):

Posterior mean: [1.25172332 2.48917354 1.37630145 1.58848074]

Posterior covariance:
[[ 0.0024553   0.00016303 -0.00200756 -0.00028394]
 [ 0.00016303  0.00493095 -0.00063493 -0.00267341]
 [-0.00200756 -0.00063493  0.00716235 -0.00034772]
 [-0.00028394 -0.00267341 -0.00034772  0.00801092]]

Predictive distribution ~ N(-0.02688574668687077, 1.0034528294680038)
--------------------------------------------------------------------------
(n = 30) add data point: (0.6823504192871497, 5.31828941958087):

Posterior mean: [1.25460278 2.54077353 1.40252414 1.64202113]

Posterior covariance:
[[ 0.00237077  0.0001727  -0.00201507 -0.00027818]
 [ 0.0001727   0.00480426 -0.00062153 -0.00274414]
 [-0.00201507 -0.00062153  0.00701966 -0.0003262 ]
 [-0.00027818 -0.00274414 -0.0003262   0.00791677]]

Predictive distribution ~ N(4.162995171237025, 1.0034297561816787)
--------------------------------------------------------------------------
(n = 31) add data point: (0.2550683859302585, 1.619571554894375):

Posterior mean: [1.25561653 2.58590732 1.42811269 1.69143599]

Posterior covariance:
[[ 0.00228898  0.00017824 -0.00201444 -0.00027148]
 [ 0.00017824  0.00468781 -0.00060727 -0.00280493]
 [-0.00201444 -0.00060727  0.00688174 -0.00030779]
 [-0.00027148 -0.00280493 -0.00030779  0.00782889]]

Predictive distribution ~ N(2.0361814809415084, 1.0024004847664)
--------------------------------------------------------------------------
(n = 32) add data point: (-0.3067685253172272, 0.5859904924429812):

Posterior mean: [1.25594733 2.62590236 1.45248186 1.73705212]

Posterior covariance:
[[ 0.00221038  0.00018534 -0.0020082  -0.00026638]
 [ 0.00018534  0.00458023 -0.00059564 -0.0028578 ]
 [-0.0020082  -0.00059564  0.00674929 -0.00029037]
 [-0.00026638 -0.0028578  -0.00029037  0.00774688]]

Predictive distribution ~ N(0.5369447077650756, 1.0022166898106413)
--------------------------------------------------------------------------
(n = 33) add data point: (-0.20855943537563304, 0.515805260496947):

Posterior mean: [1.25520484 2.66168178 1.47614089 1.77932104]

Posterior covariance:
[[ 0.00213439  0.00019295 -0.00199627 -0.00026258]
 [ 0.00019295  0.00448115 -0.00058615 -0.00290401]
 [-0.00199627 -0.00058615  0.00662048 -0.00027371]
 [-0.00026258 -0.00290401 -0.00027371  0.00766997]]

Predictive distribution ~ N(0.7481522470361331, 1.002092945263964)
--------------------------------------------------------------------------
(n = 34) add data point: (0.09278984129473544, -0.2951300205288876):

Posterior mean: [1.25028506 2.69255637 1.50237411 1.81968677]

Posterior covariance:
[[ 0.00206044  0.0001983  -0.0019785  -0.00025836]
 [ 0.0001983   0.00438964 -0.00057622 -0.00294432]
 [-0.0019785  -0.00057622  0.00649338 -0.0002591 ]
 [-0.00025836 -0.00294432 -0.0002591   0.00759727]]

Predictive distribution ~ N(1.5145160879233994, 1.0020996743032782)
--------------------------------------------------------------------------
(n = 35) add data point: (0.020004448450692713, 1.0383542784934263):

Posterior mean: [1.244723   2.72003912 1.52813056 1.85763165]

Posterior covariance:
[[ 0.0019885   0.00020231 -0.00195577 -0.00025411]
 [ 0.00020231  0.00430497 -0.00056639 -0.0029797 ]
 [-0.00195577 -0.00056639  0.00636772 -0.00024598]
 [-0.00025411 -0.0029797  -0.00024598  0.00752842]]

Predictive distribution ~ N(1.2997622773556647, 1.0019967340192533)
--------------------------------------------------------------------------
(n = 36) add data point: (0.13007633439436606, 0.2871156671250481):

Posterior mean: [1.2365719  2.74363348 1.55546816 1.89420939]

Posterior covariance:
[[ 0.00191862  0.00020427 -0.00192898 -0.00024922]
 [ 0.00020427  0.00422584 -0.00055575 -0.00301039]
 [-0.00192898 -0.00055575  0.00624353 -0.00023482]
 [-0.00024922 -0.00301039 -0.00023482  0.00746267]]

Predictive distribution ~ N(1.6239408929306394, 1.0019745280489396)
--------------------------------------------------------------------------
(n = 37) add data point: (-0.9886183235377917, -3.501504883379967):

Posterior mean: [1.22855218 2.76719041 1.57378491 1.93648689]

Posterior covariance:
[[ 0.00185423  0.00020587 -0.0019024  -0.00024474]
 [ 0.00020587  0.00414989 -0.00053852 -0.0030442 ]
 [-0.0019024  -0.00053852  0.0061011  -0.00020223]
 [-0.00024474 -0.0030442  -0.00020223  0.00737899]]

Predictive distribution ~ N(-1.8400940169151476, 1.01058137818011)
--------------------------------------------------------------------------
(n = 38) add data point: (0.062192927009502075, 1.532210168554618):

Posterior mean: [1.22107677 2.78810411 1.59173658 1.97620209]

Posterior covariance:
[[ 0.00179142  0.00020619 -0.00187228 -0.00024029]
 [ 0.00020619  0.00407914 -0.00052235 -0.00307324]
 [-0.00187228 -0.00052235  0.00596215 -0.00017332]
 [-0.00024029 -0.00307324 -0.00017332  0.00730002]]

Predictive distribution ~ N(1.401109294500254, 1.0018179879450186)
--------------------------------------------------------------------------
(n = 39) add data point: (-0.8690083286735122, -2.673267687147287):

Posterior mean: [1.21346009 2.80883362 1.60535153 2.01690537]

Posterior covariance:
[[ 0.00173315  0.00020674 -0.00184345 -0.0002358 ]
 [ 0.00020674  0.0040105  -0.00050283 -0.00310219]
 [-0.00184345 -0.00050283  0.00582033 -0.00013948]
 [-0.0002358  -0.00310219 -0.00013948  0.00721964]]

Predictive distribution ~ N(-1.338719387294637, 1.0056161532221988)
--------------------------------------------------------------------------
(n = 40) add data point: (0.4325051919695033, 3.244338902059299):

Posterior mean: [1.20669919 2.8277034  1.61885544 2.05488874]

Posterior covariance:
[[ 0.00167704  0.00020469 -0.00181342 -0.00023065]
 [ 0.00020469  0.00394414 -0.00048403 -0.00312539]
 [-0.00181342 -0.00048403  0.00568493 -0.00010984]
 [-0.00023065 -0.00312539 -0.00010984  0.00714289]]

Predictive distribution ~ N(2.8987701357274323, 1.0018214430867605)
--------------------------------------------------------------------------
(n = 41) add data point: (0.33619996929280305, 1.944593270698776):

Posterior mean: [1.19950852 2.84379876 1.63311811 2.09128452]

Posterior covariance:
[[ 1.62268551e-03  2.00585538e-04 -1.78187005e-03 -2.24706395e-04]
 [ 2.00585538e-04  3.88032656e-03 -4.65489696e-04 -3.14366804e-03]
 [-1.78187005e-03 -4.65489696e-04  5.55458778e-03 -8.43011616e-05]
 [-2.24706395e-04 -3.14366804e-03 -8.43011616e-05  7.06918701e-03]]

Predictive distribution ~ N(2.4196561306373487, 1.0017410097314865)
--------------------------------------------------------------------------
(n = 42) add data point: (-0.6226138177998777, -0.2164773993417204):

Posterior mean: [1.19280628 2.85763921 1.64756568 2.12585321]

Posterior covariance:
[[ 1.57143020e-03  1.97943128e-04 -1.75154433e-03 -2.19473710e-04]
 [ 1.97943128e-04  3.81792212e-03 -4.47754984e-04 -3.15882899e-03]
 [-1.75154433e-03 -4.47754984e-04  5.43015325e-03 -6.11572282e-05]
 [-2.19473710e-04 -3.15882899e-03 -6.11572282e-05  6.99909957e-03]]

Predictive distribution ~ N(-0.4608091456078548, 1.0020548592222076)
--------------------------------------------------------------------------
(n = 43) add data point: (-0.8836248461217218, -0.9199642401545209):

Posterior mean: [1.18647031 2.86901224 1.66372761 2.15742765]

Posterior covariance:
[[ 1.52363555e-03  1.95478199e-04 -1.72229544e-03 -2.14526467e-04]
 [ 1.95478199e-04  3.75767503e-03 -4.28166407e-04 -3.17402970e-03]
 [-1.72229544e-03 -4.28166407e-04  5.30363170e-03 -3.38524190e-05]
 [-2.14526467e-04 -3.17402970e-03 -3.38524190e-05  6.92729358e-03]]

Predictive distribution ~ N(-1.5381032274564643, 1.0050065999058464)
--------------------------------------------------------------------------
(n = 44) add data point: (-0.8530229830194653, -0.43121854496015377):

Posterior mean: [1.18056474 2.8776704  1.68219081 2.1858285 ]

Posterior covariance:
[[ 1.47892380e-03  1.93220686e-04 -1.69408848e-03 -2.09853700e-04]
 [ 1.93220686e-04  3.69948510e-03 -4.07575115e-04 -3.18855750e-03]
 [-1.69408848e-03 -4.07575115e-04  5.17767543e-03 -4.97726352e-06]
 [-2.09853700e-04 -3.18855750e-03 -4.97726352e-06  6.85596078e-03]]

Predictive distribution ~ N(-1.4068562811796634, 1.004153097743753)
--------------------------------------------------------------------------
(n = 45) add data point: (-0.27523801067142895, 2.0497420514441105):

Posterior mean: [1.17682623 2.88389129 1.69856837 2.21385413]

Posterior covariance:
[[ 1.43544408e-03  1.91837163e-04 -1.66484478e-03 -2.06493137e-04]
 [ 1.91837163e-04  3.64429742e-03 -3.90225809e-04 -3.19973811e-03]
 [-1.66484478e-03 -3.90225809e-04  5.05707069e-03  2.15479693e-05]
 [-2.06493137e-04 -3.19973811e-03  2.15479693e-05  6.78798026e-03]]

Predictive distribution ~ N(0.46558551231538636, 1.0013737390742377)
--------------------------------------------------------------------------
(n = 46) add data point: (-0.7445674346393916, -1.6569253496249332):

Posterior mean: [1.1728352  2.89004179 1.71375106 2.24121704]

Posterior covariance:
[[ 1.39450820e-03  1.90894643e-04 -1.63682614e-03 -2.03395068e-04]
 [ 1.90894643e-04  3.59047572e-03 -3.72954577e-04 -3.20915299e-03]
 [-1.63682614e-03 -3.72954577e-04  4.94079072e-03  4.62689523e-05]
 [-2.03395068e-04 -3.20915299e-03  4.62689523e-05  6.72287515e-03]]

Predictive distribution ~ N(-0.9540409947628944, 1.0024318711641205)
--------------------------------------------------------------------------
(n = 47) add data point: (-0.1098211055536622, 2.3756666549672545):

Posterior mean: [1.17091381 2.89488789 1.72649142 2.26776694]

Posterior covariance:
[[ 1.35434085e-03  1.90014877e-04 -1.60739177e-03 -2.00960897e-04]
 [ 1.90014877e-04  3.53974422e-03 -3.57915695e-04 -3.21616282e-03]
 [-1.60739177e-03 -3.57915695e-04  4.82815837e-03  6.87837496e-05]
 [-2.00960897e-04 -3.21616282e-03  6.87837496e-05  6.66068897e-03]]

Predictive distribution ~ N(0.8708129819405258, 1.0013177814389784)
--------------------------------------------------------------------------
(n = 48) add data point: (-0.8534044615323098, -2.09983554063033):

Posterior mean: [1.16889117 2.89951483 1.73776357 2.29433973]

Posterior covariance:
[[ 1.31660420e-03  1.89099268e-04 -1.57901464e-03 -1.98717994e-04]
 [ 1.89099268e-04  3.49072617e-03 -3.42338469e-04 -3.22265133e-03]
 [-1.57901464e-03 -3.42338469e-04  4.71670444e-03  9.22968660e-05]
 [-1.98717994e-04 -3.22265133e-03  9.22968660e-05  6.59891418e-03]]

Predictive distribution ~ N(-1.465965557370594, 1.0034574676916623)
--------------------------------------------------------------------------
(n = 49) add data point: (0.8666132537076843, 7.771187542807463):

Posterior mean: [1.16706522 2.90431487 1.75115304 2.32167033]

Posterior covariance:
[[ 0.00128107  0.00018789 -0.00155161 -0.00019705]
 [ 0.00018789  0.00344373 -0.00032992 -0.00322819]
 [-0.00155161 -0.00032992  0.00460806  0.00011123]
 [-0.00019705 -0.00322819  0.00011123  0.006538  ]]

Predictive distribution ~ N(6.510173342648913, 1.003012211675305)
--------------------------------------------------------------------------
(n = 50) add data point: (-0.6624728305008469, 1.4478784924995047):

Posterior mean: [1.16628516 2.90554292 1.76563772 2.3482614 ]

Posterior covariance:
[[ 0.00124729  0.00018724 -0.0015252  -0.00019569]
 [ 0.00018724  0.00339765 -0.00031807 -0.00323167]
 [-0.0015252  -0.00031807  0.00450442  0.00012825]
 [-0.00019569 -0.00323167  0.00012825  0.00647959]]

Predictive distribution ~ N(-0.6664048365605947, 1.0015880444472745)
--------------------------------------------------------------------------
(n = 51) add data point: (0.8992357008401166, 7.5504333871142375):

Posterior mean: [1.16541292 2.90646548 1.78090268 2.37508035]

Posterior covariance:
[[ 0.00121541  0.00018643 -0.00149948 -0.00019461]
 [ 0.00018643  0.00335364 -0.00030864 -0.00323443]
 [-0.00149948 -0.00030864  0.00440224  0.00014044]
 [-0.00019461 -0.00323443  0.00014044  0.00642061]]

Predictive distribution ~ N(6.946118812111775, 1.0033142801340145)
--------------------------------------------------------------------------
(n = 52) add data point: (-0.7874437615009093, -1.1064487569010566):

Posterior mean: [1.16444925 2.90664123 1.79576069 2.40098808]

Posterior covariance:
[[ 0.00118519  0.00018574 -0.00147468 -0.00019353]
 [ 0.00018574  0.00331082 -0.00029876 -0.00323622]
 [-0.00147468 -0.00029876  0.0043031   0.00015232]
 [-0.00019353 -0.00323622  0.00015232  0.00636343]]

Predictive distribution ~ N(-1.1832007623273224, 1.0021883119345556)
--------------------------------------------------------------------------
(n = 53) add data point: (0.5129460008226048, 1.1227306625091358):

Posterior mean: [1.1614254  2.90307475 1.81122798 2.42833975]

Posterior covariance:
[[ 0.00115585  0.0001838  -0.00145005 -0.00019179]
 [ 0.0001838   0.00326835 -0.00028925 -0.00323515]
 [-0.00145005 -0.00028925  0.00420848  0.00016253]
 [-0.00019179 -0.00323515  0.00016253  0.00630745]]

Predictive distribution ~ N(3.4548408822678556, 1.001281306737914)
--------------------------------------------------------------------------
(n = 54) add data point: (0.3428268855099925, 1.9367214222402773):

Posterior mean: [1.15788184 2.8984643  1.82675007 2.45552404]

Posterior covariance:
[[ 0.001127    0.00018073 -0.00142498 -0.00018916]
 [ 0.00018073  0.00322667 -0.00027949 -0.00323159]
 [-0.00142498 -0.00027949  0.0041172   0.00017063]
 [-0.00018916 -0.00323159  0.00017063  0.00625232]]

Predictive distribution ~ N(2.46519106103006, 1.0012367890905753)
--------------------------------------------------------------------------
(n = 55) add data point: (0.4036491616344755, 2.5597070719326003):

Posterior mean: [1.15418063 2.89320631 1.84196833 2.48227894]

Posterior covariance:
[[ 0.0010988   0.00017663 -0.00139984 -0.00018573]
 [ 0.00017663  0.00318546 -0.00026956 -0.00322563]
 [-0.00139984 -0.00026956  0.00402933  0.00017696]
 [-0.00018573 -0.00322563  0.00017696  0.00619784]]

Predictive distribution ~ N(2.7853912935837304, 1.0012106638012237)
--------------------------------------------------------------------------
(n = 56) add data point: (0.32227201237838776, 1.329878592236891):

Posterior mean: [1.14954299 2.88655155 1.85777421 2.50942686]

Posterior covariance:
[[ 0.0010711   0.00017169 -0.00137442 -0.00018155]
 [ 0.00017169  0.00314498 -0.00025935 -0.00321768]
 [-0.00137442 -0.00025935  0.00394425  0.0001815 ]
 [-0.00018155 -0.00321768  0.0001815   0.00614399]]

Predictive distribution ~ N(2.356737655520672, 1.0011746617210535)
--------------------------------------------------------------------------
(n = 57) add data point: (-0.5076521328892454, 0.36017271718693367):

Posterior mean: [1.14536668 2.87910565 1.87293663 2.53633498]

Posterior covariance:
[[ 0.00104444  0.00016767 -0.00134967 -0.00017806]
 [ 0.00016767  0.00310514 -0.0002502  -0.00320819]
 [-0.00134967 -0.0002502   0.0038628   0.00018562]
 [-0.00017806 -0.00320819  0.00018562  0.00609117]]

Predictive distribution ~ N(-0.16536372257733717, 1.0010129782978257)
--------------------------------------------------------------------------
(n = 58) add data point: (0.058751714035747415, 1.7730141719415515):

Posterior mean: [1.14176257 2.87162858 1.88700311 2.56250982]

Posterior covariance:
[[ 0.00101811  0.00016349 -0.00132437 -0.0001744 ]
 [ 0.00016349  0.00306683 -0.00024129 -0.00319789]
 [-0.00132437 -0.00024129  0.00378302  0.00018872]
 [-0.0001744  -0.00319789  0.00018872  0.00603961]]

Predictive distribution ~ N(1.3175088290590353, 1.001038566001996)
--------------------------------------------------------------------------
(n = 59) add data point: (0.1768898565459207, 2.053365815730994):

Posterior mean: [1.13857514 2.86421417 1.90020082 2.58791215]

Posterior covariance:
[[ 0.00099218  0.00015886 -0.00129875 -0.00017028]
 [ 0.00015886  0.00302961 -0.00023222 -0.00318655]
 [-0.00129875 -0.00023222  0.00370509  0.00019054]
 [-0.00017028 -0.00318655  0.00019054  0.00598887]]

Predictive distribution ~ N(1.7190067015358836, 1.0010550869276613)
--------------------------------------------------------------------------
(n = 60) add data point: (0.6292727985651765, 4.72257684749008):

Posterior mean: [1.13566418 2.85710266 1.91299165 2.6125669 ]

Posterior covariance:
[[ 0.00096733  0.00015387 -0.00127411 -0.00016607]
 [ 0.00015387  0.00299249 -0.00022389 -0.00317402]
 [-0.00127411 -0.00022389  0.00363038  0.00019206]
 [-0.00016607 -0.00317402  0.00019206  0.00593901]]

Predictive distribution ~ N(4.3420807026658625, 1.0011230983683947)
--------------------------------------------------------------------------
(n = 61) add data point: (0.011521348497852024, 0.6409402278578971):

Posterior mean: [1.13231971 2.8497561  1.92602461 2.63683723]

Posterior covariance:
[[ 0.00094286  0.00014899 -0.00124918 -0.0001619 ]
 [ 0.00014899  0.00295676 -0.0002159  -0.00316106]
 [-0.00124918 -0.0002159   0.00355713  0.00019303]
 [-0.0001619  -0.00316106  0.00019303  0.00589027]]

Predictive distribution ~ N(1.165412434579967, 1.0009463560833414)
--------------------------------------------------------------------------
(n = 62) add data point: (-0.7641526046512213, -1.5980087177211664):

Posterior mean: [1.12898534 2.84270092 1.93818749 2.66075795]

Posterior covariance:
[[ 0.00091963  0.00014452 -0.00122536 -0.00015792]
 [ 0.00014452  0.00292171 -0.00020775 -0.00314796]
 [-0.00122536 -0.00020775  0.00348607  0.00019398]
 [-0.00015792 -0.00314796  0.00019398  0.00584257]]

Predictive distribution ~ N(-1.0987672177002363, 1.0014042363161353)
--------------------------------------------------------------------------
(n = 63) add data point: (0.6285164299352319, 4.616196017327466):

Posterior mean: [1.12587606 2.83583014 1.94998405 2.68404593]

Posterior covariance:
[[ 0.00089734  0.00013977 -0.00120244 -0.00015387]
 [ 0.00013977  0.00288674 -0.00020024 -0.00313388]
 [-0.00120244 -0.00020024  0.00341786  0.00019472]
 [-0.00015387 -0.00313388  0.00019472  0.00579556]]

Predictive distribution ~ N(4.344957208598691, 1.0010382692901594)
--------------------------------------------------------------------------
(n = 64) add data point: (-0.3732257995383286, 0.4393869603806082):

Posterior mean: [1.12301051 2.82865812 1.96125534 2.70706804]

Posterior covariance:
[[ 0.0008757   0.00013581 -0.00117992 -0.00015053]
 [ 0.00013581  0.00285243 -0.00019376 -0.00311897]
 [-0.00117992 -0.00019376  0.0033519   0.00019573]
 [-0.00015053 -0.00311897  0.00019573  0.00574901]]

Predictive distribution ~ N(0.19974138269300232, 1.0008354411777682)
--------------------------------------------------------------------------
(n = 65) add data point: (-0.29975779799985425, -0.11158461109352813):

Posterior mean: [1.11986809 2.82171372 1.97257536 2.72934766]

Posterior covariance:
[[ 0.00085462  0.00013253 -0.00115764 -0.00014783]
 [ 0.00013253  0.00281891 -0.00018824 -0.00310345]
 [-0.00115764 -0.00018824  0.00328784  0.00019705]
 [-0.00014783 -0.00310345  0.00019705  0.005703  ]]

Predictive distribution ~ N(0.3777685960014509, 1.00081813120096)
--------------------------------------------------------------------------
(n = 66) add data point: (0.1521816525793258, 0.8852504817822457):

Posterior mean: [1.11622266 2.81430493 1.98432559 2.75164102]

Posterior covariance:
[[ 0.00083388  0.00012898 -0.00113529 -0.00014477]
 [ 0.00012898  0.00278625 -0.00018251 -0.00308746]
 [-0.00113529 -0.00018251  0.00322504  0.00019753]
 [-0.00014477 -0.00308746  0.00019753  0.00565754]]

Predictive distribution ~ N(1.600161658807201, 1.0008812904960276)
--------------------------------------------------------------------------
(n = 67) add data point: (-0.36577356412344986, 1.2636239563721392):

Posterior mean: [1.11335132 2.80605676 1.99504063 2.77429608]

Posterior covariance:
[[ 0.00081377  0.00012608 -0.0011134  -0.00014233]
 [ 0.00012608  0.00275412 -0.00017762 -0.00307082]
 [-0.0011134  -0.00017762  0.00316423  0.00019833]
 [-0.00014233 -0.00307082  0.00019833  0.00561243]]

Predictive distribution ~ N(0.2181214230926401, 1.0007809518248332)
--------------------------------------------------------------------------
(n = 68) add data point: (0.28474761050442443, 0.5613543720149188):

Posterior mean: [1.10940186 2.79650852 2.00681639 2.79791747]

Posterior covariance:
[[ 0.0007941   0.00012272 -0.0010917  -0.00013937]
 [ 0.00012272  0.00272237 -0.00017233 -0.00305342]
 [-0.0010917  -0.00017233  0.00310492  0.00019822]
 [-0.00013937 -0.00305342  0.00019822  0.00556743]]

Predictive distribution ~ N(2.1330134837592705, 1.0008772675679003)
--------------------------------------------------------------------------
(n = 69) add data point: (0.04753995988593718, 0.8512396450022612):

Posterior mean: [1.1052877  2.78689417 2.01863386 2.82124064]

Posterior covariance:
[[ 0.00077478  0.00011934 -0.00107001 -0.00013634]
 [ 0.00011934  0.00269157 -0.00016711 -0.00303595]
 [-0.00107001 -0.00016711  0.00304668  0.00019771]
 [-0.00013634 -0.00303595  0.00019771  0.00552318]]

Predictive distribution ~ N(1.2426418671104122, 1.0007872934272768)
--------------------------------------------------------------------------
(n = 70) add data point: (-0.7257411023355083, -1.3268087505286603):

Posterior mean: [1.10125943 2.77761696 2.02984226 2.84413779]

Posterior covariance:
[[ 0.00075638  0.00011627 -0.00104929 -0.00013348]
 [ 0.00011627  0.00266118 -0.00016178 -0.00301844]
 [-0.00104929 -0.00016178  0.00299029  0.0001971 ]
 [-0.00013348 -0.00301844  0.0001971   0.00547974]]

Predictive distribution ~ N(-0.9326189838440251, 1.0009857954697179)
--------------------------------------------------------------------------
(n = 71) add data point: (-0.6731496521854117, -1.0128140450899694):

Posterior mean: [1.09731    2.7686182  2.04059049 2.86654805]

Posterior covariance:
[[ 0.0007388   0.00011354 -0.00102945 -0.00013083]
 [ 0.00011354  0.00263107 -0.0001565  -0.0030007 ]
 [-0.00102945 -0.0001565   0.00293587  0.00019632]
 [-0.00013083 -0.0030007   0.00019632  0.00543698]]

Predictive distribution ~ N(-0.7160983731406506, 1.0008426407731212)
--------------------------------------------------------------------------
(n = 72) add data point: (0.9908803487529758, 9.722243372939378):

Posterior mean: [1.09320108 2.75926845 2.05298694 2.89108991]

Posterior covariance:
[[ 0.00072197  0.00011083 -0.00100984 -0.00012764]
 [ 0.00011083  0.00260176 -0.00015087 -0.00298215]
 [-0.00100984 -0.00015087  0.00287998  0.00019112]
 [-0.00012764 -0.00298215  0.00019112  0.00538943]]

Predictive distribution ~ N(8.655730465294274, 1.0034641773535544)
--------------------------------------------------------------------------
(n = 73) add data point: (-0.9199820345755314, -0.4426555415803075):

Posterior mean: [1.08903936 2.74984317 2.06703187 2.91298989]

Posterior covariance:
[[ 0.00070589  0.00010823 -0.00099077 -0.00012478]
 [ 0.00010823  0.00257331 -0.00014543 -0.00296375]
 [-0.00099077 -0.00014543  0.00282426  0.00018805]
 [-0.00012478 -0.00296375  0.00018805  0.00534088]]

Predictive distribution ~ N(-1.959476898397988, 1.002195652967329)
--------------------------------------------------------------------------
(n = 74) add data point: (-0.6573167615523188, -0.6052093657878133):

Posterior mean: [1.08503265 2.74046538 2.08057449 2.93446187]

Posterior covariance:
[[ 0.00069046  0.00010592 -0.00097247 -0.00012214]
 [ 0.00010592  0.00254506 -0.00014009 -0.00294506]
 [-0.00097247 -0.00014009  0.0027706   0.00018494]
 [-0.00012214 -0.00294506  0.00018494  0.0052932 ]]

Predictive distribution ~ N(-0.6507753509427784, 1.0007586567809639)
--------------------------------------------------------------------------
(n = 75) add data point: (-0.06576745345083368, 1.0654829916125697):

Posterior mean: [1.08126505 2.73116813 2.09348311 2.9555144 ]

Posterior covariance:
[[ 0.00067527  0.00010374 -0.0009542  -0.00011966]
 [ 0.00010374  0.00251762 -0.0001351  -0.00292641]
 [-0.0009542  -0.0001351   0.00271808  0.00018195]
 [-0.00011966 -0.00292641  0.00018195  0.0052465 ]]

Predictive distribution ~ N(0.9098573944076974, 1.0006643495205672)
--------------------------------------------------------------------------
(n = 76) add data point: (0.05471453463987408, 1.1130752514683315):

Posterior mean: [1.07754633 2.72193384 2.10604082 2.97618544]

Posterior covariance:
[[ 0.00066031  0.00010148 -0.00093598 -0.00011711]
 [ 0.00010148  0.00249089 -0.00013017 -0.00290775]
 [-0.00093598 -0.00013017  0.00266666  0.00017876]
 [-0.00011711 -0.00290775  0.00017876  0.00520065]]

Predictive distribution ~ N(1.2332679823200805, 1.0006731597344067)
--------------------------------------------------------------------------
(n = 77) add data point: (0.9365143097196595, 9.995477697392214):

Posterior mean: [1.07362786 2.71263989 2.12103558 2.99968008]

Posterior covariance:
[[ 6.45982043e-04  9.93059867e-05 -9.18225574e-04 -1.14417432e-04]
 [ 9.93059867e-05  2.46488601e-03 -1.25409264e-04 -2.88905825e-03]
